replicate	generation	Ktl	Kce	Kbr	Htl	Hce	Hbr	Dtl	Dce	Dbr
0	0	92	105	92	-0	0.543564	-0	0	0.875	0
0	10000	92	105	92	-0	0.498028	-0	0	0.890625	0
0	20000	92	105	92	-0	0.498028	-0	0	0.890625	0
0	30000	92	102	92	-0	0.498028	-0	0	0.890625	0
0	40000	92	103	92	-0	0.625262	-0	0	0.84375	0
0	50000	92	108	92	-0	0.857148	-0	0	0.71875	0
0	60000	92	107	92	-0	0.896038	-0	0	0.6875	0
0	70000	92	107	97	-0	0.896038	0.116115	0	0.6875	0.015625
0	80000	101	106	97	0.200622	0.912999	0.116115	0.03125	0.671875	0.015625
0	90000	92	108	98	-0	0.877437	0.116115	0	0.703125	0.015625
0	100000	92	108	100	-0	0.942163	0.116115	0	0.640625	0.015625
0	110000	99	108	98	0.200622	0.877437	0.116115	0.03125	0.703125	0.015625
0	120000	92	109	97	-0	0.974489	0.116115	0	0.59375	0.015625
0	130000	99	109	98	0.200622	0.999295	0.272971	0.03125	0.515625	0.046875
0	140000	99	109	98	0.116115	0.974489	0.200622	0.015625	0.59375	0.03125
0	150000	92	109	92	-0	0.974489	-0	0	0.59375	0
0	160000	96	105	101	0.116115	0.928362	0.272971	0.015625	0.65625	0.046875
0	170000	97	108	97	0.116115	0.988699	0.116115	0.015625	0.5625	0.015625
0	180000	100	109	100	0.272971	0.974489	0.272971	0.046875	0.59375	0.046875
0	190000	100	108	102	0.272971	0.999295	0.272971	0.046875	0.515625	0.046875
0	200000	103	107	100	0.33729	0.928362	0.272971	0.0625	0.65625	0.046875
0	210000	103	107	102	0.498028	0.942163	0.33729	0.109375	0.640625	0.0625
0	220000	101	108	103	0.272971	0.99718	0.272971	0.046875	0.53125	0.046875
0	230000	101	109	101	0.395538	1	0.448864	0.078125	0.5	0.09375
0	240000	100	108	101	0.272971	0.993651	0.395538	0.046875	0.453125	0.078125
0	250000	101	109	105	0.33729	0.993651	0.543564	0.0625	0.453125	0.125
0	260000	104	109	101	0.448864	0.988699	0.33729	0.09375	0.4375	0.0625
0	270000	104	107	102	0.585873	0.942163	0.448864	0.140625	0.359375	0.09375
0	280000	103	109	102	0.498028	0.99718	0.498028	0.109375	0.46875	0.109375
0	290000	105	109	102	0.585873	0.993651	0.33729	0.140625	0.453125	0.0625
0	300000	104	108	103	0.498028	0.993651	0.395538	0.109375	0.453125	0.078125
0	310000	102	106	102	0.543564	0.99718	0.543564	0.125	0.46875	0.125
0	320000	103	107	105	0.498028	0.928362	0.448864	0.109375	0.34375	0.09375
0	330000	102	108	104	0.33729	0.954434	0.625262	0.0625	0.375	0.15625
0	340000	101	109	103	0.200622	0.954434	0.448864	0.03125	0.375	0.09375
0	350000	102	108	102	0.33729	0.982317	0.448864	0.0625	0.421875	0.09375
0	360000	105	109	104	0.543564	0.965202	0.395538	0.125	0.390625	0.078125
0	370000	104	105	101	0.543564	0.912999	0.395538	0.125	0.328125	0.078125
0	380000	105	107	100	0.395538	0.928362	0.395538	0.078125	0.34375	0.078125
0	390000	105	109	101	0.543564	0.965202	0.272971	0.125	0.390625	0.046875
0	400000	106	106	104	0.543564	0.757878	0.448864	0.125	0.21875	0.09375
0	410000	102	108	102	0.498028	0.912999	0.272971	0.109375	0.328125	0.046875
0	420000	103	107	104	0.625262	0.877437	0.543564	0.15625	0.296875	0.125
0	430000	104	104	106	0.585873	0.811278	0.625262	0.140625	0.25	0.15625
0	440000	103	107	106	0.661976	0.757878	0.585873	0.171875	0.21875	0.140625
0	450000	103	108	105	0.272971	0.912999	0.448864	0.046875	0.328125	0.09375
0	460000	106	108	104	0.543564	0.912999	0.661976	0.125	0.328125	0.171875
0	470000	105	107	105	0.625262	0.912999	0.728134	0.15625	0.328125	0.203125
0	480000	104	105	104	0.835116	0.835116	0.696212	0.265625	0.265625	0.1875
0	490000	105	106	106	0.661976	0.928362	0.78556	0.171875	0.34375	0.234375
0	500000	104	107	104	0.661976	0.954434	0.625262	0.171875	0.375	0.15625
0	510000	103	109	102	0.625262	0.928362	0.543564	0.15625	0.34375	0.125
0	520000	105	105	103	0.543564	0.896038	0.585873	0.125	0.3125	0.140625
0	530000	103	108	105	0.696212	0.896038	0.661976	0.1875	0.3125	0.171875
0	540000	106	104	104	0.696212	0.896038	0.585873	0.1875	0.3125	0.140625
0	550000	104	105	103	0.696212	0.78556	0.585873	0.1875	0.234375	0.140625
0	560000	103	107	105	0.696212	0.877437	0.585873	0.1875	0.296875	0.140625
0	570000	103	106	103	0.661976	0.896038	0.585873	0.171875	0.3125	0.140625
0	580000	107	108	105	0.877437	0.928362	0.78556	0.296875	0.34375	0.234375
0	590000	107	107	108	0.811278	0.877437	0.811278	0.25	0.296875	0.25
0	600000	104	106	107	0.78556	0.942163	0.78556	0.234375	0.359375	0.234375
0	610000	107	107	108	0.857148	0.811278	0.835116	0.28125	0.25	0.265625
0	620000	106	106	104	0.857148	0.811278	0.625262	0.28125	0.25	0.15625
0	630000	105	105	103	0.728134	0.585873	0.585873	0.203125	0.140625	0.140625
0	640000	105	104	105	0.696212	0.661976	0.661976	0.1875	0.171875	0.171875
0	650000	105	108	104	0.661976	0.857148	0.728134	0.171875	0.28125	0.203125
0	660000	105	108	105	0.728134	0.877437	0.585873	0.203125	0.296875	0.140625
0	670000	104	108	106	0.728134	0.811278	0.661976	0.203125	0.25	0.171875
0	680000	104	104	103	0.728134	0.757878	0.498028	0.203125	0.21875	0.109375
0	690000	104	108	108	0.696212	0.757878	0.728134	0.1875	0.21875	0.203125
0	700000	107	105	104	0.757878	0.757878	0.625262	0.21875	0.21875	0.15625
0	710000	106	107	104	0.757878	0.728134	0.585873	0.21875	0.203125	0.140625
0	720000	105	107	105	0.661976	0.877437	0.661976	0.171875	0.296875	0.171875
0	730000	104	109	105	0.625262	0.835116	0.661976	0.15625	0.265625	0.171875
0	740000	106	103	104	0.696212	0.625262	0.625262	0.1875	0.15625	0.15625
0	750000	105	107	105	0.696212	0.728134	0.661976	0.1875	0.203125	0.171875
0	760000	104	104	107	0.78556	0.661976	0.625262	0.234375	0.171875	0.15625
0	770000	105	104	107	0.835116	0.498028	0.696212	0.265625	0.109375	0.1875
0	780000	103	104	104	0.696212	0.757878	0.78556	0.1875	0.21875	0.234375
0	790000	105	104	109	0.728134	0.585873	0.811278	0.203125	0.140625	0.25
0	800000	103	104	107	0.585873	0.661976	0.78556	0.140625	0.171875	0.234375
0	810000	107	103	104	0.696212	0.728134	0.835116	0.1875	0.203125	0.265625
0	820000	104	105	106	0.696212	0.728134	0.835116	0.1875	0.203125	0.265625
0	830000	107	106	105	0.757878	0.811278	0.696212	0.21875	0.25	0.1875
0	840000	106	105	105	0.811278	0.728134	0.857148	0.25	0.203125	0.28125
0	850000	107	106	108	0.811278	0.757878	0.78556	0.25	0.21875	0.234375
0	860000	105	106	107	0.728134	0.78556	0.757878	0.203125	0.234375	0.21875
0	870000	107	105	108	0.757878	0.696212	0.811278	0.21875	0.1875	0.25
0	880000	106	105	108	0.78556	0.728134	0.857148	0.234375	0.203125	0.28125
0	890000	104	104	106	0.696212	0.696212	0.896038	0.1875	0.1875	0.3125
0	900000	107	107	104	0.757878	0.728134	0.728134	0.21875	0.203125	0.203125
0	910000	108	105	105	0.835116	0.835116	0.728134	0.265625	0.265625	0.203125
0	920000	107	104	107	0.78556	0.857148	0.78556	0.234375	0.28125	0.234375
0	930000	103	105	105	0.625262	0.78556	0.811278	0.15625	0.234375	0.25
0	940000	107	105	107	0.78556	0.757878	0.835116	0.234375	0.21875	0.265625
0	950000	106	106	105	0.835116	0.757878	0.857148	0.265625	0.21875	0.28125
0	960000	106	105	105	0.757878	0.728134	0.877437	0.21875	0.203125	0.296875
0	970000	104	108	105	0.728134	0.835116	0.585873	0.203125	0.265625	0.140625
0	980000	106	104	104	0.811278	0.857148	0.757878	0.25	0.28125	0.21875
0	990000	103	106	108	0.728134	0.757878	0.896038	0.203125	0.21875	0.3125
0	1000000	106	105	106	0.696212	0.757878	0.757878	0.1875	0.21875	0.21875
