replicate	generation	window	K	H	S
0	0	1	232	0.76278	907
0	0	2	184	1.12014	256
0	0	4	153	1.3694	64
0	0	8	135	1.49878	16
0	0	16	112	1.31128	4
0	0	32	84	2	4
0	0	64	78	-0	1
0	10000	1	428	0.76278	907
0	10000	2	301	1.70011	384
0	10000	4	246	2.90254	130
0	10000	8	200	3.52405	39
0	10000	16	108	3.75	16
0	10000	32	83	2	4
0	10000	64	78	-0	1
0	20000	1	467	0.76278	907
0	20000	2	322	1.78197	429
0	20000	4	261	3.13311	151
0	20000	8	218	4.13141	51
0	20000	16	109	3.375	16
0	20000	32	84	1.5	4
0	20000	64	78	-0	1
0	30000	1	492	0.76278	907
0	30000	2	331	1.80392	454
0	30000	4	268	3.20301	162
0	30000	8	218	4.27627	53
0	30000	16	110	3.45282	16
0	30000	32	85	2	4
0	30000	64	78	-0	1
0	40000	1	506	0.76278	907
0	40000	2	347	1.82719	478
0	40000	4	268	3.31761	177
0	40000	8	215	4.39203	57
0	40000	16	112	4	16
0	40000	32	85	1.5	4
0	40000	64	78	-0	1
0	50000	1	522	0.76278	907
0	50000	2	354	1.83106	495
0	50000	4	267	3.3469	188
0	50000	8	234	4.60116	57
0	50000	16	108	3.20282	16
0	50000	32	85	2	4
0	50000	64	78	-0	1
0	60000	1	545	0.76278	907
0	60000	2	360	1.83224	511
0	60000	4	268	3.35743	198
0	60000	8	233	4.66174	60
0	60000	16	111	3.75	16
0	60000	32	83	2	4
0	60000	64	78	-0	1
0	70000	1	550	0.76278	907
0	70000	2	371	1.8341	522
0	70000	4	268	3.39284	206
0	70000	8	229	4.72268	61
0	70000	16	110	3.875	16
0	70000	32	84	2	4
0	70000	64	78	-0	1
0	80000	1	551	0.76278	907
0	80000	2	373	1.83332	531
0	80000	4	271	3.35782	207
0	80000	8	231	4.55307	63
0	80000	16	110	3.70282	16
0	80000	32	85	2	4
0	80000	64	78	-0	1
0	90000	1	555	0.76278	907
0	90000	2	373	1.83123	528
0	90000	4	267	3.37384	205
0	90000	8	229	4.55967	62
0	90000	16	112	3.875	16
0	90000	32	84	1.5	4
0	90000	64	78	-0	1
0	100000	1	559	0.76278	907
0	100000	2	374	1.82266	555
0	100000	4	267	3.34631	217
0	100000	8	230	4.58367	63
0	100000	16	111	3.75	16
0	100000	32	86	1.5	4
0	100000	64	78	-0	1
0	110000	1	563	0.76278	907
0	110000	2	371	1.81908	560
0	110000	4	266	3.31662	219
0	110000	8	234	4.72837	63
0	110000	16	111	3.875	16
0	110000	32	86	2	4
0	110000	64	78	-0	1
0	120000	1	560	0.76278	907
0	120000	2	377	1.81481	558
0	120000	4	267	3.32606	217
0	120000	8	220	4.56991	62
0	120000	16	112	3.75	16
0	120000	32	85	2	4
0	120000	64	78	-0	1
0	130000	1	563	0.76278	907
0	130000	2	377	1.8161	561
0	130000	4	261	3.33185	220
0	130000	8	221	4.62893	63
0	130000	16	112	3.75	16
0	130000	32	85	1.5	4
0	130000	64	78	-0	1
0	140000	1	567	0.76278	907
0	140000	2	375	1.79876	581
0	140000	4	264	3.31027	216
0	140000	8	231	4.71658	63
0	140000	16	112	3.75	16
0	140000	32	86	2	4
0	140000	64	78	-0	1
0	150000	1	571	0.76278	907
0	150000	2	381	1.80066	579
0	150000	4	260	3.29063	224
0	150000	8	221	4.60493	61
0	150000	16	111	3.75	16
0	150000	32	85	1.5	4
0	150000	64	78	-0	1
0	160000	1	567	0.76278	907
0	160000	2	375	1.7897	583
0	160000	4	269	3.29354	224
0	160000	8	230	4.65408	63
0	160000	16	111	3.875	16
0	160000	32	85	2	4
0	160000	64	78	-0	1
0	170000	1	570	0.76278	907
0	170000	2	382	1.77658	595
0	170000	4	254	3.22048	228
0	170000	8	228	4.68533	63
0	170000	16	109	3.625	16
0	170000	32	85	2	4
0	170000	64	78	-0	1
0	180000	1	573	0.76278	907
0	180000	2	380	1.782	592
0	180000	4	261	3.21804	239
0	180000	8	210	4.44143	64
0	180000	16	110	3.875	16
0	180000	32	85	1.5	4
0	180000	64	78	-0	1
0	190000	1	577	0.76278	907
0	190000	2	385	1.77424	599
0	190000	4	254	3.16906	240
0	190000	8	214	4.43765	64
0	190000	16	112	3.75	16
0	190000	32	84	2	4
0	190000	64	78	-0	1
0	200000	1	571	0.76278	907
0	200000	2	392	1.787	586
0	200000	4	264	3.17234	235
0	200000	8	214	4.41526	64
0	200000	16	111	4	16
0	200000	32	85	1.5	4
0	200000	64	78	-0	1
0	210000	1	577	0.76278	907
0	210000	2	384	1.75843	606
0	210000	4	256	3.14369	241
0	210000	8	214	4.41784	64
0	210000	16	110	3.75	16
0	210000	32	86	2	4
0	210000	64	78	-0	1
0	220000	1	576	0.76278	907
0	220000	2	383	1.76501	602
0	220000	4	254	3.1553	241
0	220000	8	208	4.36804	64
0	220000	16	111	3.875	16
0	220000	32	86	2	4
0	220000	64	78	-0	1
0	230000	1	574	0.76278	907
0	230000	2	381	1.74124	616
0	230000	4	252	3.06637	245
0	230000	8	203	4.32212	64
0	230000	16	108	3.57782	16
0	230000	32	86	2	4
0	230000	64	78	-0	1
0	240000	1	579	0.76278	907
0	240000	2	382	1.76118	612
0	240000	4	255	3.074	239
0	240000	8	215	4.40796	64
0	240000	16	108	3.75	16
0	240000	32	85	2	4
0	240000	64	78	-0	1
0	250000	1	576	0.76278	907
0	250000	2	377	1.7172	635
0	250000	4	250	3.01694	243
0	250000	8	206	4.30206	64
0	250000	16	110	3.625	16
0	250000	32	86	2	4
0	250000	64	78	-0	1
0	260000	1	577	0.76278	907
0	260000	2	384	1.74093	625
0	260000	4	252	3.06513	240
0	260000	8	199	4.23759	64
0	260000	16	110	3.75	16
0	260000	32	85	2	4
0	260000	64	78	-0	1
0	270000	1	577	0.76278	907
0	270000	2	384	1.75607	605
0	270000	4	247	3.08377	237
0	270000	8	206	4.41431	64
0	270000	16	108	3.57782	16
0	270000	32	86	2	4
0	270000	64	78	-0	1
0	280000	1	574	0.76278	907
0	280000	2	383	1.72259	625
0	280000	4	245	2.99237	243
0	280000	8	196	4.09198	64
0	280000	16	111	3.75	16
0	280000	32	85	1.5	4
0	280000	64	78	-0	1
0	290000	1	587	0.76278	907
0	290000	2	389	1.73123	621
0	290000	4	253	3.03202	243
0	290000	8	210	4.37827	64
0	290000	16	111	3.57782	16
0	290000	32	85	2	4
0	290000	64	78	-0	1
0	300000	1	577	0.76278	907
0	300000	2	385	1.75054	603
0	300000	4	249	3.04406	244
0	300000	8	198	4.17328	64
0	300000	16	110	3.625	16
0	300000	32	85	2	4
0	300000	64	78	-0	1
0	310000	1	575	0.76278	907
0	310000	2	386	1.73001	625
0	310000	4	252	3.01553	243
0	310000	8	193	4.08523	64
0	310000	16	107	4	16
0	310000	32	85	2	4
0	310000	64	78	-0	1
0	320000	1	578	0.76278	907
0	320000	2	386	1.73022	630
0	320000	4	251	2.91436	247
0	320000	8	190	3.98266	64
0	320000	16	110	3.75	16
0	320000	32	85	2	4
0	320000	64	78	-0	1
0	330000	1	578	0.76278	907
0	330000	2	382	1.74432	618
0	330000	4	244	3.01172	247
0	330000	8	197	4.08211	64
0	330000	16	111	3.875	16
0	330000	32	85	2	4
0	330000	64	78	-0	1
0	340000	1	576	0.76278	907
0	340000	2	381	1.70665	638
0	340000	4	242	2.95467	247
0	340000	8	192	4.0624	64
0	340000	16	111	3.625	16
0	340000	32	86	2	4
0	340000	64	78	-0	1
0	350000	1	571	0.76278	907
0	350000	2	382	1.71992	631
0	350000	4	241	2.89077	252
0	350000	8	200	4.19495	64
0	350000	16	110	4	16
0	350000	32	85	2	4
0	350000	64	78	-0	1
0	360000	1	575	0.76278	907
0	360000	2	378	1.69664	636
0	360000	4	249	2.96868	245
0	360000	8	188	4.08367	64
0	360000	16	109	3.75	16
0	360000	32	86	2	4
0	360000	64	78	-0	1
0	370000	1	580	0.76278	907
0	370000	2	378	1.72291	625
0	370000	4	245	2.99289	246
0	370000	8	184	4.02404	64
0	370000	16	108	3.875	16
0	370000	32	85	2	4
0	370000	64	78	-0	1
0	380000	1	572	0.76278	907
0	380000	2	383	1.71117	639
0	380000	4	247	2.97182	246
0	380000	8	196	4.15347	64
0	380000	16	110	3.75	16
0	380000	32	86	2	4
0	380000	64	78	-0	1
0	390000	1	585	0.76278	907
0	390000	2	378	1.68877	645
0	390000	4	239	2.88979	249
0	390000	8	196	4.12258	64
0	390000	16	110	3.875	16
0	390000	32	85	2	4
0	390000	64	78	-0	1
0	400000	1	577	0.76278	907
0	400000	2	383	1.69741	647
0	400000	4	246	2.90829	246
0	400000	8	196	4.03391	64
0	400000	16	110	3.375	16
0	400000	32	85	2	4
0	400000	64	78	-0	1
0	410000	1	575	0.76278	907
0	410000	2	383	1.70392	641
0	410000	4	241	2.84097	252
0	410000	8	187	3.96023	64
0	410000	16	110	3.45282	16
0	410000	32	85	2	4
0	410000	64	78	-0	1
0	420000	1	575	0.76278	907
0	420000	2	379	1.66511	658
0	420000	4	233	2.80951	253
0	420000	8	187	3.96063	64
0	420000	16	110	3.625	16
0	420000	32	86	2	4
0	420000	64	78	-0	1
0	430000	1	575	0.76278	907
0	430000	2	378	1.69591	646
0	430000	4	239	2.83725	248
0	430000	8	181	3.86426	64
0	430000	16	108	3.75	16
0	430000	32	84	2	4
0	430000	64	78	-0	1
0	440000	1	575	0.76278	907
0	440000	2	384	1.72626	626
0	440000	4	240	2.84519	251
0	440000	8	189	3.85337	64
0	440000	16	109	3.625	16
0	440000	32	84	1.5	4
0	440000	64	78	-0	1
0	450000	1	572	0.76278	907
0	450000	2	376	1.69759	637
0	450000	4	236	2.8686	249
0	450000	8	185	3.9374	64
0	450000	16	111	3.875	16
0	450000	32	86	2	4
0	450000	64	78	-0	1
0	460000	1	577	0.76278	907
0	460000	2	380	1.71074	635
0	460000	4	238	2.86558	250
0	460000	8	184	3.93472	64
0	460000	16	109	3.75	16
0	460000	32	84	2	4
0	460000	64	78	-0	1
0	470000	1	573	0.76278	907
0	470000	2	381	1.67418	653
0	470000	4	231	2.78667	250
0	470000	8	179	3.73298	64
0	470000	16	112	3.75	16
0	470000	32	85	2	4
0	470000	64	78	-0	1
0	480000	1	577	0.76278	907
0	480000	2	385	1.70087	642
0	480000	4	240	2.82834	249
0	480000	8	185	3.87036	64
0	480000	16	110	3.57782	16
0	480000	32	85	2	4
0	480000	64	78	-0	1
0	490000	1	572	0.76278	907
0	490000	2	380	1.70543	637
0	490000	4	235	2.80261	252
0	490000	8	180	3.90796	64
0	490000	16	109	3.875	16
0	490000	32	86	2	4
0	490000	64	78	-0	1
0	500000	1	570	0.76278	907
0	500000	2	382	1.69363	646
0	500000	4	232	2.71991	252
0	500000	8	190	3.82192	64
0	500000	16	111	3.45282	16
0	500000	32	85	2	4
0	500000	64	78	-0	1
0	510000	1	573	0.76278	907
0	510000	2	377	1.70526	631
0	510000	4	239	2.7691	251
0	510000	8	189	3.90317	64
0	510000	16	109	3.28064	16
0	510000	32	86	2	4
0	510000	64	78	-0	1
0	520000	1	574	0.76278	907
0	520000	2	377	1.65661	661
0	520000	4	230	2.74838	250
0	520000	8	184	3.81008	64
0	520000	16	107	3.625	16
0	520000	32	85	2	4
0	520000	64	78	-0	1
0	530000	1	575	0.76278	907
0	530000	2	371	1.67886	646
0	530000	4	238	2.76522	254
0	530000	8	188	3.72656	64
0	530000	16	108	3.75	16
0	530000	32	84	2	4
0	530000	64	78	-0	1
0	540000	1	571	0.76278	907
0	540000	2	381	1.68785	649
0	540000	4	238	2.81283	252
0	540000	8	185	3.65125	64
0	540000	16	109	3.45282	16
0	540000	32	87	2	4
0	540000	64	78	-0	1
0	550000	1	580	0.76278	907
0	550000	2	379	1.69539	648
0	550000	4	237	2.85705	250
0	550000	8	181	3.90035	64
0	550000	16	110	3.75	16
0	550000	32	85	2	4
0	550000	64	78	-0	1
0	560000	1	565	0.76278	907
0	560000	2	381	1.69424	646
0	560000	4	237	2.78382	253
0	560000	8	181	3.66503	64
0	560000	16	106	3.625	16
0	560000	32	85	2	4
0	560000	64	78	-0	1
0	570000	1	571	0.76278	907
0	570000	2	382	1.70838	636
0	570000	4	235	2.78807	253
0	570000	8	181	3.77469	64
0	570000	16	109	3.75	16
0	570000	32	84	2	4
0	570000	64	78	-0	1
0	580000	1	571	0.76278	907
0	580000	2	377	1.68225	649
0	580000	4	237	2.80257	249
0	580000	8	189	3.71829	64
0	580000	16	108	3.75	16
0	580000	32	85	2	4
0	580000	64	78	-0	1
0	590000	1	571	0.76278	907
0	590000	2	381	1.70291	636
0	590000	4	244	2.82852	251
0	590000	8	190	3.82576	64
0	590000	16	108	3.875	16
0	590000	32	86	2	4
0	590000	64	78	-0	1
0	600000	1	573	0.76278	907
0	600000	2	382	1.67769	649
0	600000	4	234	2.72534	251
0	600000	8	189	3.79385	64
0	600000	16	109	3.375	16
0	600000	32	85	1.5	4
0	600000	64	78	-0	1
0	610000	1	583	0.76278	907
0	610000	2	388	1.72307	629
0	610000	4	238	2.77519	250
0	610000	8	184	3.65423	64
0	610000	16	107	3.625	16
0	610000	32	87	2	4
0	610000	64	78	-0	1
0	620000	1	572	0.76278	907
0	620000	2	382	1.70491	638
0	620000	4	232	2.76725	251
0	620000	8	180	3.6731	64
0	620000	16	109	3.57782	16
0	620000	32	87	2	4
0	620000	64	78	-0	1
0	630000	1	570	0.76278	907
0	630000	2	382	1.68736	645
0	630000	4	231	2.81439	249
0	630000	8	186	3.69401	64
0	630000	16	109	3.75	16
0	630000	32	87	2	4
0	630000	64	78	-0	1
0	640000	1	588	0.76278	907
0	640000	2	382	1.69975	640
0	640000	4	234	2.7902	250
0	640000	8	183	3.82409	64
0	640000	16	107	3.57782	16
0	640000	32	86	2	4
0	640000	64	78	-0	1
0	650000	1	573	0.76278	907
0	650000	2	374	1.62351	676
0	650000	4	225	2.61116	254
0	650000	8	186	3.6552	64
0	650000	16	107	3.875	16
0	650000	32	87	2	4
0	650000	64	78	-0	1
0	660000	1	567	0.76278	907
0	660000	2	374	1.67926	649
0	660000	4	225	2.67535	254
0	660000	8	178	3.57359	64
0	660000	16	108	3.45282	16
0	660000	32	87	2	4
0	660000	64	78	-0	1
0	670000	1	571	0.76278	907
0	670000	2	382	1.67547	655
0	670000	4	230	2.70117	251
0	670000	8	183	3.60676	64
0	670000	16	109	3.28064	16
0	670000	32	86	2	4
0	670000	64	78	-0	1
0	680000	1	573	0.76278	907
0	680000	2	372	1.67228	657
0	680000	4	232	2.68358	249
0	680000	8	176	3.32664	64
0	680000	16	109	3.625	16
0	680000	32	85	2	4
0	680000	64	78	-0	1
0	690000	1	572	0.76278	907
0	690000	2	380	1.65585	664
0	690000	4	228	2.66802	250
0	690000	8	176	3.42333	64
0	690000	16	104	3.28064	16
0	690000	32	86	2	4
0	690000	64	78	-0	1
0	700000	1	573	0.76278	907
0	700000	2	379	1.69089	647
0	700000	4	232	2.60989	255
0	700000	8	179	3.47979	64
0	700000	16	107	3.5	16
0	700000	32	86	2	4
0	700000	64	78	-0	1
0	710000	1	573	0.76278	907
0	710000	2	372	1.67255	649
0	710000	4	232	2.72572	250
0	710000	8	185	3.59718	64
0	710000	16	108	3.28064	16
0	710000	32	85	2	4
0	710000	64	78	-0	1
0	720000	1	575	0.76278	907
0	720000	2	377	1.65398	661
0	720000	4	229	2.68006	249
0	720000	8	186	3.57036	64
0	720000	16	106	3.45282	16
0	720000	32	85	2	4
0	720000	64	78	-0	1
0	730000	1	566	0.76278	907
0	730000	2	378	1.68716	653
0	730000	4	228	2.6912	255
0	730000	8	184	3.52433	64
0	730000	16	106	2.95282	16
0	730000	32	84	1.5	4
0	730000	64	78	-0	1
0	740000	1	581	0.76278	907
0	740000	2	377	1.67011	654
0	740000	4	235	2.6487	254
0	740000	8	183	3.49878	64
0	740000	16	108	3.25	16
0	740000	32	85	2	4
0	740000	64	78	-0	1
0	750000	1	565	0.76278	907
0	750000	2	376	1.67533	653
0	750000	4	237	2.74814	249
0	750000	8	178	3.7189	64
0	750000	16	111	3.625	16
0	750000	32	87	2	4
0	750000	64	78	-0	1
0	760000	1	576	0.76278	907
0	760000	2	382	1.70275	641
0	760000	4	240	2.77382	246
0	760000	8	180	3.52026	64
0	760000	16	109	3.32782	16
0	760000	32	85	2	4
0	760000	64	78	-0	1
0	770000	1	570	0.76278	907
0	770000	2	381	1.69935	646
0	770000	4	234	2.76457	253
0	770000	8	181	3.56189	64
0	770000	16	108	3.45282	16
0	770000	32	85	2	4
0	770000	64	78	-0	1
0	780000	1	570	0.76278	907
0	780000	2	374	1.65084	664
0	780000	4	225	2.64674	251
0	780000	8	175	3.49441	64
0	780000	16	105	3.20282	16
0	780000	32	86	2	4
0	780000	64	78	-0	1
0	790000	1	570	0.76278	907
0	790000	2	380	1.65554	665
0	790000	4	233	2.73465	252
0	790000	8	186	3.52948	64
0	790000	16	124	2.85846	16
0	790000	32	84	2	4
0	790000	64	78	-0	1
0	800000	1	571	0.76278	907
0	800000	2	375	1.66727	655
0	800000	4	234	2.72874	251
0	800000	8	179	3.48908	64
0	800000	16	107	3.45282	16
0	800000	32	86	2	4
0	800000	64	78	-0	1
0	810000	1	574	0.76278	907
0	810000	2	379	1.68971	646
0	810000	4	229	2.74483	252
0	810000	8	180	3.50051	64
0	810000	16	107	3.625	16
0	810000	32	87	2	4
0	810000	64	78	-0	1
0	820000	1	565	0.76278	907
0	820000	2	377	1.67539	653
0	820000	4	233	2.80781	252
0	820000	8	180	3.5624	64
0	820000	16	105	3.375	16
0	820000	32	85	2	4
0	820000	64	78	-0	1
0	830000	1	563	0.76278	907
0	830000	2	375	1.66966	651
0	830000	4	236	2.74405	252
0	830000	8	178	3.35378	64
0	830000	16	103	3.45282	16
0	830000	32	86	2	4
0	830000	64	78	-0	1
0	840000	1	585	0.76278	907
0	840000	2	380	1.68494	651
0	840000	4	231	2.82308	250
0	840000	8	168	3.26588	64
0	840000	16	107	3.20282	16
0	840000	32	84	1.5	4
0	840000	64	78	-0	1
0	850000	1	575	0.76278	907
0	850000	2	372	1.67754	647
0	850000	4	229	2.66371	253
0	850000	8	179	3.55217	64
0	850000	16	109	3.57782	16
0	850000	32	87	2	4
0	850000	64	78	-0	1
0	860000	1	572	0.76278	907
0	860000	2	379	1.68736	645
0	860000	4	229	2.7261	253
0	860000	8	181	3.65993	64
0	860000	16	107	3.45282	16
0	860000	32	87	2	4
0	860000	64	78	-0	1
0	870000	1	580	0.76278	907
0	870000	2	382	1.69372	643
0	870000	4	227	2.66179	252
0	870000	8	184	3.40695	64
0	870000	16	104	3.45282	16
0	870000	32	86	2	4
0	870000	64	78	-0	1
0	880000	1	576	0.76278	907
0	880000	2	370	1.64173	664
0	880000	4	223	2.61197	251
0	880000	8	190	3.66827	64
0	880000	16	105	3.125	16
0	880000	32	85	1.5	4
0	880000	64	78	-0	1
0	890000	1	572	0.76278	907
0	890000	2	375	1.69852	635
0	890000	4	229	2.72019	252
0	890000	8	178	3.70736	64
0	890000	16	109	3.45282	16
0	890000	32	86	2	4
0	890000	64	78	-0	1
0	900000	1	581	0.76278	907
0	900000	2	381	1.67584	652
0	900000	4	235	2.73703	252
0	900000	8	185	3.67202	64
0	900000	16	108	3.32782	16
0	900000	32	86	2	4
0	900000	64	78	-0	1
0	910000	1	567	0.76278	907
0	910000	2	378	1.68054	651
0	910000	4	226	2.61604	254
0	910000	8	173	3.30637	64
0	910000	16	105	3.45282	16
0	910000	32	85	2	4
0	910000	64	78	-0	1
0	920000	1	567	0.76278	907
0	920000	2	384	1.71188	635
0	920000	4	231	2.79365	247
0	920000	8	178	3.4717	64
0	920000	16	106	3.07782	16
0	920000	32	84	2	4
0	920000	64	78	-0	1
0	930000	1	577	0.76278	907
0	930000	2	385	1.69764	642
0	930000	4	233	2.78228	249
0	930000	8	182	3.48745	64
0	930000	16	105	3.20282	16
0	930000	32	85	2	4
0	930000	64	78	-0	1
0	940000	1	570	0.76278	907
0	940000	2	378	1.65247	662
0	940000	4	223	2.63607	255
0	940000	8	175	3.33331	64
0	940000	16	106	3.20282	16
0	940000	32	86	2	4
0	940000	64	78	-0	1
0	950000	1	574	0.76278	907
0	950000	2	383	1.70379	638
0	950000	4	233	2.67485	254
0	950000	8	182	3.48292	64
0	950000	16	107	3.5	16
0	950000	32	86	2	4
0	950000	64	78	-0	1
0	960000	1	568	0.76278	907
0	960000	2	379	1.65554	665
0	960000	4	240	2.79019	251
0	960000	8	185	3.63598	64
0	960000	16	108	3.75	16
0	960000	32	86	2	4
0	960000	64	78	-0	1
0	970000	1	568	0.76278	907
0	970000	2	371	1.67237	650
0	970000	4	233	2.79465	247
0	970000	8	168	3.35974	64
0	970000	16	106	3.5	16
0	970000	32	84	2	4
0	970000	64	78	-0	1
0	980000	1	568	0.76278	907
0	980000	2	379	1.67522	652
0	980000	4	238	2.72191	252
0	980000	8	176	3.39047	64
0	980000	16	108	3.57782	16
0	980000	32	86	2	4
0	980000	64	78	-0	1
0	990000	1	569	0.76278	907
0	990000	2	379	1.68225	649
0	990000	4	237	2.71714	252
0	990000	8	173	3.36629	64
0	990000	16	104	3.32782	16
0	990000	32	85	2	4
0	990000	64	78	-0	1
0	1000000	1	572	0.76278	907
0	1000000	2	378	1.67552	656
0	1000000	4	238	2.77743	250
0	1000000	8	181	3.64436	64
0	1000000	16	103	3.125	16
0	1000000	32	85	1.5	4
0	1000000	64	78	-0	1
