replicate	generation	Ktl	Kce	Kbr	Htl	Hce	Hbr	Dtl	Dce	Dbr
0	0	92	105	92	-0	0.448864	-0	0	0.90625	0
0	1	92	92	92	-0	-0	-0	0	0	0
0	2	92	92	92	-0	-0	-0	0	0	0
0	3	92	92	92	-0	-0	-0	0	0	0
0	4	92	92	92	-0	-0	-0	0	0	0
0	5	92	92	92	-0	-0	-0	0	0	0
0	6	92	92	92	-0	-0	-0	0	0	0
0	7	92	92	92	-0	-0	-0	0	0	0
0	8	92	92	92	-0	-0	-0	0	0	0
0	9	92	92	92	-0	-0	-0	0	0	0
0	10	92	92	92	-0	-0	-0	0	0	0
0	11	92	92	92	-0	-0	-0	0	0	0
0	12	92	92	92	-0	-0	-0	0	0	0
0	13	92	92	92	-0	-0	-0	0	0	0
0	14	92	97	92	-0	0.448864	-0	0	0.09375	0
0	15	92	98	92	-0	0.448864	-0	0	0.09375	0
0	16	92	102	92	-0	0.728134	-0	0	0.203125	0
0	17	92	101	92	-0	0.395538	-0	0	0.078125	0
0	18	92	97	92	-0	0.272971	-0	0	0.046875	0
0	19	92	98	92	-0	0.272971	-0	0	0.046875	0
0	20	92	98	92	-0	0.272971	-0	0	0.046875	0
0	21	92	99	92	-0	0.272971	-0	0	0.046875	0
0	22	92	99	92	-0	0.200622	-0	0	0.03125	0
0	23	92	99	92	-0	0.116115	-0	0	0.015625	0
0	24	92	97	92	-0	0.272971	-0	0	0.046875	0
0	25	92	99	92	-0	0.395538	-0	0	0.078125	0
0	26	92	98	92	-0	0.448864	-0	0	0.09375	0
0	27	92	100	92	-0	0.272971	-0	0	0.046875	0
0	28	92	99	92	-0	0.200622	-0	0	0.03125	0
0	29	92	99	92	-0	0.116115	-0	0	0.015625	0
0	30	92	92	92	-0	-0	-0	0	0	0
0	31	92	97	92	-0	0.116115	-0	0	0.015625	0
0	32	92	97	92	-0	0.200622	-0	0	0.03125	0
0	33	92	97	92	-0	0.200622	-0	0	0.03125	0
0	34	92	97	92	-0	0.200622	-0	0	0.03125	0
0	35	92	97	92	-0	0.272971	-0	0	0.046875	0
0	36	92	100	92	-0	0.395538	-0	0	0.078125	0
0	37	92	99	92	-0	0.33729	-0	0	0.0625	0
0	38	92	100	92	-0	0.33729	-0	0	0.0625	0
0	39	92	99	92	-0	0.272971	-0	0	0.046875	0
0	40	92	98	92	-0	0.33729	-0	0	0.0625	0
0	41	92	97	92	-0	0.200622	-0	0	0.03125	0
0	42	92	98	92	-0	0.272971	-0	0	0.046875	0
0	43	92	99	92	-0	0.33729	-0	0	0.0625	0
0	44	92	100	92	-0	0.448864	-0	0	0.09375	0
0	45	92	101	92	-0	0.625262	-0	0	0.15625	0
0	46	92	100	92	-0	0.661976	-0	0	0.171875	0
0	47	92	101	92	-0	0.585873	-0	0	0.140625	0
0	48	92	103	92	-0	0.835116	-0	0	0.265625	0
0	49	92	101	92	-0	0.448864	-0	0	0.09375	0
0	50	92	102	92	-0	0.543564	-0	0	0.125	0
0	51	92	101	92	-0	0.585873	-0	0	0.140625	0
0	52	92	101	92	-0	0.625262	-0	0	0.15625	0
0	53	92	101	92	-0	0.585873	-0	0	0.140625	0
0	54	92	102	92	-0	0.585873	-0	0	0.140625	0
0	55	92	100	92	-0	0.585873	-0	0	0.140625	0
0	56	92	100	92	-0	0.625262	-0	0	0.15625	0
0	57	92	101	92	-0	0.585873	-0	0	0.140625	0
0	58	92	102	92	-0	0.543564	-0	0	0.125	0
0	59	92	102	92	-0	0.625262	-0	0	0.15625	0
0	60	92	102	92	-0	0.585873	-0	0	0.140625	0
0	61	92	101	92	-0	0.696212	-0	0	0.1875	0
0	62	92	102	92	-0	0.585873	-0	0	0.140625	0
0	63	92	103	92	-0	0.661976	-0	0	0.171875	0
0	64	92	103	92	-0	0.661976	-0	0	0.171875	0
0	65	92	106	92	-0	0.78556	-0	0	0.234375	0
0	66	92	106	92	-0	0.857148	-0	0	0.28125	0
0	67	92	107	92	-0	0.811278	-0	0	0.25	0
0	68	92	106	92	-0	0.857148	-0	0	0.28125	0
0	69	92	108	92	-0	0.835116	-0	0	0.265625	0
0	70	92	108	92	-0	0.757878	-0	0	0.21875	0
0	71	92	108	92	-0	0.912999	-0	0	0.328125	0
0	72	92	105	92	-0	0.757878	-0	0	0.21875	0
0	73	92	106	92	-0	0.835116	-0	0	0.265625	0
0	74	92	105	92	-0	0.811278	-0	0	0.25	0
0	75	92	106	92	-0	0.877437	-0	0	0.296875	0
0	76	92	106	92	-0	0.728134	-0	0	0.203125	0
0	77	92	106	92	-0	0.877437	-0	0	0.296875	0
0	78	92	104	92	-0	0.78556	-0	0	0.234375	0
0	79	92	104	92	-0	0.811278	-0	0	0.25	0
0	80	92	102	92	-0	0.728134	-0	0	0.203125	0
0	81	92	103	92	-0	0.625262	-0	0	0.15625	0
0	82	92	101	92	-0	0.696212	-0	0	0.1875	0
0	83	92	102	92	-0	0.661976	-0	0	0.171875	0
0	84	92	102	92	-0	0.728134	-0	0	0.203125	0
0	85	92	101	92	-0	0.543564	-0	0	0.125	0
0	86	92	104	92	-0	0.728134	-0	0	0.203125	0
0	87	92	105	92	-0	0.696212	-0	0	0.1875	0
0	88	92	102	92	-0	0.395538	-0	0	0.078125	0
0	89	92	102	92	-0	0.395538	-0	0	0.078125	0
0	90	92	101	92	-0	0.448864	-0	0	0.09375	0
0	91	92	103	92	-0	0.498028	-0	0	0.109375	0
0	92	92	102	92	-0	0.543564	-0	0	0.125	0
0	93	92	99	92	-0	0.272971	-0	0	0.046875	0
0	94	92	96	92	-0	0.116115	-0	0	0.015625	0
0	95	92	96	92	-0	0.116115	-0	0	0.015625	0
0	96	92	92	92	-0	-0	-0	0	0	0
0	97	92	97	92	-0	0.116115	-0	0	0.015625	0
0	98	92	97	92	-0	0.272971	-0	0	0.046875	0
0	99	92	101	92	-0	0.33729	-0	0	0.0625	0
0	100	92	98	92	-0	0.272971	-0	0	0.046875	0
0	101	92	101	92	-0	0.272971	-0	0	0.046875	0
0	102	92	101	92	-0	0.33729	-0	0	0.0625	0
0	103	92	100	92	-0	0.33729	-0	0	0.0625	0
0	104	92	101	92	-0	0.395538	-0	0	0.078125	0
0	105	92	100	92	-0	0.33729	-0	0	0.0625	0
0	106	92	101	92	-0	0.395538	-0	0	0.078125	0
0	107	92	101	92	-0	0.448864	-0	0	0.09375	0
0	108	92	101	92	-0	0.498028	-0	0	0.109375	0
0	109	92	103	92	-0	0.498028	-0	0	0.109375	0
0	110	92	103	92	-0	0.498028	-0	0	0.109375	0
0	111	92	103	92	-0	0.498028	-0	0	0.109375	0
0	112	92	103	92	-0	0.498028	-0	0	0.109375	0
0	113	92	103	92	-0	0.498028	-0	0	0.109375	0
0	114	92	103	92	-0	0.498028	-0	0	0.109375	0
0	115	92	103	92	-0	0.543564	-0	0	0.125	0
0	116	92	103	92	-0	0.448864	-0	0	0.09375	0
0	117	92	103	92	-0	0.625262	-0	0	0.15625	0
0	118	92	101	92	-0	0.272971	-0	0	0.046875	0
0	119	92	98	92	-0	0.200622	-0	0	0.03125	0
0	120	92	98	92	-0	0.200622	-0	0	0.03125	0
0	121	92	98	92	-0	0.200622	-0	0	0.03125	0
0	122	92	98	92	-0	0.200622	-0	0	0.03125	0
0	123	92	98	92	-0	0.200622	-0	0	0.03125	0
0	124	92	98	92	-0	0.200622	-0	0	0.03125	0
0	125	92	98	92	-0	0.200622	-0	0	0.03125	0
0	126	92	98	92	-0	0.200622	-0	0	0.03125	0
0	127	92	98	92	-0	0.200622	-0	0	0.03125	0
0	128	92	98	92	-0	0.200622	-0	0	0.03125	0
0	129	92	98	92	-0	0.200622	-0	0	0.03125	0
0	130	92	98	92	-0	0.200622	-0	0	0.03125	0
0	131	92	98	92	-0	0.200622	-0	0	0.03125	0
0	132	92	98	92	-0	0.200622	-0	0	0.03125	0
0	133	92	98	92	-0	0.200622	-0	0	0.03125	0
0	134	92	98	92	-0	0.200622	-0	0	0.03125	0
0	135	92	98	92	-0	0.200622	-0	0	0.03125	0
0	136	92	98	92	-0	0.200622	-0	0	0.03125	0
0	137	92	98	92	-0	0.200622	-0	0	0.03125	0
0	138	92	98	92	-0	0.200622	-0	0	0.03125	0
0	139	92	98	92	-0	0.200622	-0	0	0.03125	0
0	140	92	98	92	-0	0.200622	-0	0	0.03125	0
0	141	92	98	92	-0	0.200622	-0	0	0.03125	0
0	142	92	98	92	-0	0.200622	-0	0	0.03125	0
0	143	92	98	92	-0	0.200622	-0	0	0.03125	0
0	144	92	98	92	-0	0.200622	-0	0	0.03125	0
0	145	92	92	92	-0	-0	-0	0	0	0
0	146	92	92	92	-0	-0	-0	0	0	0
0	147	92	92	92	-0	-0	-0	0	0	0
0	148	92	97	92	-0	0.116115	-0	0	0.015625	0
0	149	92	97	92	-0	0.116115	-0	0	0.015625	0
0	150	92	98	92	-0	0.272971	-0	0	0.046875	0
0	151	92	101	92	-0	0.33729	-0	0	0.0625	0
0	152	92	99	92	-0	0.272971	-0	0	0.046875	0
0	153	92	101	92	-0	0.395538	-0	0	0.078125	0
0	154	92	100	92	-0	0.272971	-0	0	0.046875	0
0	155	92	98	92	-0	0.33729	-0	0	0.0625	0
0	156	92	99	92	-0	0.272971	-0	0	0.046875	0
0	157	92	101	92	-0	0.272971	-0	0	0.046875	0
0	158	92	100	92	-0	0.395538	-0	0	0.078125	0
0	159	92	98	92	-0	0.33729	-0	0	0.0625	0
0	160	92	99	92	-0	0.395538	-0	0	0.078125	0
0	161	92	100	92	-0	0.448864	-0	0	0.09375	0
0	162	92	100	92	-0	0.448864	-0	0	0.09375	0
0	163	92	103	92	-0	0.543564	-0	0	0.125	0
0	164	92	102	92	-0	0.395538	-0	0	0.078125	0
0	165	92	100	92	-0	0.395538	-0	0	0.078125	0
0	166	92	100	92	-0	0.395538	-0	0	0.078125	0
0	167	92	100	92	-0	0.395538	-0	0	0.078125	0
0	168	92	100	92	-0	0.395538	-0	0	0.078125	0
0	169	92	100	92	-0	0.395538	-0	0	0.078125	0
0	170	92	100	92	-0	0.395538	-0	0	0.078125	0
0	171	92	100	92	-0	0.395538	-0	0	0.078125	0
0	172	92	100	92	-0	0.395538	-0	0	0.078125	0
0	173	92	100	92	-0	0.395538	-0	0	0.078125	0
0	174	92	101	92	-0	0.498028	-0	0	0.109375	0
0	175	92	102	92	-0	0.625262	-0	0	0.15625	0
0	176	92	103	92	-0	0.696212	-0	0	0.1875	0
0	177	92	103	92	-0	0.585873	-0	0	0.140625	0
0	178	92	104	92	-0	0.728134	-0	0	0.203125	0
0	179	92	103	92	-0	0.696212	-0	0	0.1875	0
0	180	92	103	92	-0	0.835116	-0	0	0.265625	0
0	181	92	104	92	-0	0.728134	-0	0	0.203125	0
0	182	92	103	92	-0	0.661976	-0	0	0.171875	0
0	183	92	100	92	-0	0.585873	-0	0	0.140625	0
0	184	92	102	92	-0	0.696212	-0	0	0.1875	0
0	185	92	102	92	-0	0.543564	-0	0	0.125	0
0	186	92	101	92	-0	0.448864	-0	0	0.09375	0
0	187	92	98	92	-0	0.33729	-0	0	0.0625	0
0	188	92	100	92	-0	0.448864	-0	0	0.09375	0
0	189	92	101	92	-0	0.585873	-0	0	0.140625	0
0	190	92	102	92	-0	0.696212	-0	0	0.1875	0
0	191	92	103	92	-0	0.661976	-0	0	0.171875	0
0	192	92	104	92	-0	0.543564	-0	0	0.125	0
0	193	92	102	92	-0	0.498028	-0	0	0.109375	0
0	194	92	100	92	-0	0.448864	-0	0	0.09375	0
0	195	92	101	92	-0	0.395538	-0	0	0.078125	0
0	196	92	101	92	-0	0.272971	-0	0	0.046875	0
0	197	92	101	92	-0	0.200622	-0	0	0.03125	0
0	198	92	92	92	-0	-0	-0	0	0	0
0	199	92	92	92	-0	-0	-0	0	0	0
0	200	92	97	92	-0	0.116115	-0	0	0.015625	0
0	201	92	97	92	-0	0.116115	-0	0	0.015625	0
0	202	92	92	92	-0	-0	-0	0	0	0
0	203	92	92	92	-0	-0	-0	0	0	0
0	204	92	92	92	-0	-0	-0	0	0	0
0	205	92	92	92	-0	-0	-0	0	0	0
0	206	92	92	92	-0	-0	-0	0	0	0
0	207	92	97	92	-0	0.116115	-0	0	0.015625	0
0	208	92	98	92	-0	0.200622	-0	0	0.03125	0
0	209	92	99	92	-0	0.272971	-0	0	0.046875	0
0	210	92	99	92	-0	0.272971	-0	0	0.046875	0
0	211	92	100	92	-0	0.395538	-0	0	0.078125	0
0	212	92	98	92	-0	0.272971	-0	0	0.046875	0
0	213	92	99	92	-0	0.272971	-0	0	0.046875	0
0	214	92	99	92	-0	0.272971	-0	0	0.046875	0
0	215	92	97	92	-0	0.272971	-0	0	0.046875	0
0	216	92	99	92	-0	0.200622	-0	0	0.03125	0
0	217	92	98	92	-0	0.200622	-0	0	0.03125	0
0	218	92	92	92	-0	-0	-0	0	0	0
0	219	92	92	92	-0	-0	-0	0	0	0
0	220	92	92	92	-0	-0	-0	0	0	0
0	221	92	92	92	-0	-0	-0	0	0	0
0	222	92	92	92	-0	-0	-0	0	0	0
0	223	92	97	92	-0	0.200622	-0	0	0.03125	0
0	224	92	99	92	-0	0.116115	-0	0	0.015625	0
0	225	92	98	92	-0	0.200622	-0	0	0.03125	0
0	226	92	98	92	-0	0.200622	-0	0	0.03125	0
0	227	92	98	92	-0	0.200622	-0	0	0.03125	0
0	228	92	98	92	-0	0.272971	-0	0	0.046875	0
0	229	92	101	92	-0	0.33729	-0	0	0.0625	0
0	230	92	101	92	-0	0.498028	-0	0	0.109375	0
0	231	92	102	92	-0	0.543564	-0	0	0.125	0
0	232	92	102	92	-0	0.543564	-0	0	0.125	0
0	233	92	106	92	-0	0.395538	-0	0	0.078125	0
0	234	92	102	92	-0	0.395538	-0	0	0.078125	0
0	235	92	102	92	-0	0.395538	-0	0	0.078125	0
0	236	92	102	92	-0	0.395538	-0	0	0.078125	0
0	237	92	101	92	-0	0.448864	-0	0	0.09375	0
0	238	92	103	92	-0	0.498028	-0	0	0.109375	0
0	239	92	100	92	-0	0.448864	-0	0	0.09375	0
0	240	92	99	92	-0	0.448864	-0	0	0.09375	0
0	241	92	103	92	-0	0.543564	-0	0	0.125	0
0	242	92	104	92	-0	0.395538	-0	0	0.078125	0
0	243	92	101	92	-0	0.498028	-0	0	0.109375	0
0	244	92	101	92	-0	0.33729	-0	0	0.0625	0
0	245	92	98	92	-0	0.200622	-0	0	0.03125	0
0	246	92	97	92	-0	0.116115	-0	0	0.015625	0
0	247	92	92	92	-0	-0	-0	0	0	0
0	248	92	97	92	-0	0.116115	-0	0	0.015625	0
0	249	92	98	92	-0	0.272971	-0	0	0.046875	0
0	250	92	98	92	-0	0.200622	-0	0	0.03125	0
0	251	92	97	92	-0	0.116115	-0	0	0.015625	0
0	252	92	98	92	-0	0.200622	-0	0	0.03125	0
0	253	92	98	92	-0	0.200622	-0	0	0.03125	0
0	254	92	98	92	-0	0.200622	-0	0	0.03125	0
0	255	92	97	92	-0	0.272971	-0	0	0.046875	0
0	256	92	98	92	-0	0.272971	-0	0	0.046875	0
0	257	92	100	92	-0	0.395538	-0	0	0.078125	0
0	258	92	101	92	-0	0.33729	-0	0	0.0625	0
0	259	92	99	92	-0	0.33729	-0	0	0.0625	0
0	260	92	100	92	-0	0.448864	-0	0	0.09375	0
0	261	92	100	92	-0	0.585873	-0	0	0.140625	0
0	262	92	100	92	-0	0.33729	-0	0	0.0625	0
0	263	92	100	92	-0	0.395538	-0	0	0.078125	0
0	264	92	99	92	-0	0.448864	-0	0	0.09375	0
0	265	92	100	92	-0	0.33729	-0	0	0.0625	0
0	266	92	100	92	-0	0.272971	-0	0	0.046875	0
0	267	92	98	92	-0	0.200622	-0	0	0.03125	0
0	268	92	100	92	-0	0.200622	-0	0	0.03125	0
0	269	92	100	92	-0	0.33729	-0	0	0.0625	0
0	270	92	100	92	-0	0.395538	-0	0	0.078125	0
0	271	92	101	92	-0	0.448864	-0	0	0.09375	0
0	272	92	101	92	-0	0.33729	-0	0	0.0625	0
0	273	92	98	92	-0	0.200622	-0	0	0.03125	0
0	274	92	92	92	-0	-0	-0	0	0	0
0	275	92	97	92	-0	0.116115	-0	0	0.015625	0
0	276	92	98	92	-0	0.200622	-0	0	0.03125	0
0	277	92	97	92	-0	0.116115	-0	0	0.015625	0
0	278	92	100	92	-0	0.33729	-0	0	0.0625	0
0	279	92	99	92	-0	0.272971	-0	0	0.046875	0
0	280	92	99	92	-0	0.272971	-0	0	0.046875	0
0	281	92	99	92	-0	0.33729	-0	0	0.0625	0
0	282	92	99	92	-0	0.33729	-0	0	0.0625	0
0	283	92	99	92	-0	0.395538	-0	0	0.078125	0
0	284	92	99	92	-0	0.543564	-0	0	0.125	0
0	285	92	100	92	-0	0.395538	-0	0	0.078125	0
0	286	92	99	92	-0	0.33729	-0	0	0.0625	0
0	287	92	99	92	-0	0.272971	-0	0	0.046875	0
0	288	92	97	92	-0	0.272971	-0	0	0.046875	0
0	289	92	92	92	-0	-0	-0	0	0	0
0	290	92	92	92	-0	-0	-0	0	0	0
0	291	92	92	92	-0	-0	-0	0	0	0
0	292	92	92	92	-0	-0	-0	0	0	0
0	293	92	92	92	-0	-0	-0	0	0	0
0	294	92	92	92	-0	-0	-0	0	0	0
0	295	92	92	92	-0	-0	-0	0	0	0
0	296	92	92	92	-0	-0	-0	0	0	0
0	297	92	92	92	-0	-0	-0	0	0	0
0	298	92	92	92	-0	-0	-0	0	0	0
0	299	92	92	92	-0	-0	-0	0	0	0
0	300	92	97	92	-0	0.116115	-0	0	0.015625	0
0	301	92	97	92	-0	0.200622	-0	0	0.03125	0
0	302	92	97	92	-0	0.116115	-0	0	0.015625	0
0	303	92	92	92	-0	-0	-0	0	0	0
0	304	92	92	92	-0	-0	-0	0	0	0
0	305	92	92	92	-0	-0	-0	0	0	0
0	306	92	92	92	-0	-0	-0	0	0	0
0	307	92	92	92	-0	-0	-0	0	0	0
0	308	92	92	92	-0	-0	-0	0	0	0
0	309	92	92	92	-0	-0	-0	0	0	0
0	310	92	92	92	-0	-0	-0	0	0	0
0	311	92	92	92	-0	-0	-0	0	0	0
0	312	92	92	92	-0	-0	-0	0	0	0
0	313	92	92	92	-0	-0	-0	0	0	0
0	314	92	98	92	-0	0.200622	-0	0	0.03125	0
0	315	92	99	92	-0	0.272971	-0	0	0.046875	0
0	316	92	98	92	-0	0.116115	-0	0	0.015625	0
0	317	92	92	92	-0	-0	-0	0	0	0
0	318	92	92	92	-0	-0	-0	0	0	0
0	319	92	92	92	-0	-0	-0	0	0	0
0	320	92	92	92	-0	-0	-0	0	0	0
0	321	92	92	92	-0	-0	-0	0	0	0
0	322	92	92	92	-0	-0	-0	0	0	0
0	323	92	92	92	-0	-0	-0	0	0	0
0	324	92	92	92	-0	-0	-0	0	0	0
0	325	92	92	92	-0	-0	-0	0	0	0
0	326	92	92	92	-0	-0	-0	0	0	0
0	327	92	92	92	-0	-0	-0	0	0	0
0	328	92	97	92	-0	0.116115	-0	0	0.015625	0
0	329	92	97	92	-0	0.116115	-0	0	0.015625	0
0	330	92	97	92	-0	0.116115	-0	0	0.015625	0
0	331	92	97	92	-0	0.116115	-0	0	0.015625	0
0	332	92	97	92	-0	0.200622	-0	0	0.03125	0
0	333	92	97	92	-0	0.200622	-0	0	0.03125	0
0	334	92	97	92	-0	0.272971	-0	0	0.046875	0
0	335	92	99	92	-0	0.272971	-0	0	0.046875	0
0	336	92	99	92	-0	0.272971	-0	0	0.046875	0
0	337	92	99	92	-0	0.395538	-0	0	0.078125	0
0	338	92	99	92	-0	0.272971	-0	0	0.046875	0
0	339	92	98	92	-0	0.200622	-0	0	0.03125	0
0	340	92	97	92	-0	0.33729	-0	0	0.0625	0
0	341	92	97	92	-0	0.272971	-0	0	0.046875	0
0	342	92	97	92	-0	0.272971	-0	0	0.046875	0
0	343	92	97	92	-0	0.272971	-0	0	0.046875	0
0	344	92	97	92	-0	0.272971	-0	0	0.046875	0
0	345	92	97	92	-0	0.116115	-0	0	0.015625	0
0	346	92	97	92	-0	0.200622	-0	0	0.03125	0
0	347	92	96	92	-0	0.116115	-0	0	0.015625	0
0	348	92	97	92	-0	0.200622	-0	0	0.03125	0
0	349	92	98	92	-0	0.272971	-0	0	0.046875	0
0	350	92	97	92	-0	0.200622	-0	0	0.03125	0
0	351	92	97	92	-0	0.200622	-0	0	0.03125	0
0	352	92	92	92	-0	-0	-0	0	0	0
0	353	92	92	92	-0	-0	-0	0	0	0
0	354	92	92	92	-0	-0	-0	0	0	0
0	355	92	92	92	-0	-0	-0	0	0	0
0	356	92	92	92	-0	-0	-0	0	0	0
0	357	92	92	92	-0	-0	-0	0	0	0
0	358	92	92	92	-0	-0	-0	0	0	0
0	359	92	92	92	-0	-0	-0	0	0	0
0	360	92	92	92	-0	-0	-0	0	0	0
0	361	92	92	92	-0	-0	-0	0	0	0
0	362	92	92	92	-0	-0	-0	0	0	0
0	363	92	92	92	-0	-0	-0	0	0	0
0	364	92	92	92	-0	-0	-0	0	0	0
0	365	92	97	92	-0	0.116115	-0	0	0.015625	0
0	366	92	97	92	-0	0.272971	-0	0	0.046875	0
0	367	92	99	92	-0	0.272971	-0	0	0.046875	0
0	368	92	98	92	-0	0.200622	-0	0	0.03125	0
0	369	92	92	92	-0	-0	-0	0	0	0
0	370	92	92	92	-0	-0	-0	0	0	0
0	371	92	92	92	-0	-0	-0	0	0	0
0	372	92	92	92	-0	-0	-0	0	0	0
0	373	92	92	92	-0	-0	-0	0	0	0
0	374	92	92	92	-0	-0	-0	0	0	0
0	375	92	92	92	-0	-0	-0	0	0	0
0	376	92	92	92	-0	-0	-0	0	0	0
0	377	92	92	92	-0	-0	-0	0	0	0
0	378	92	92	92	-0	-0	-0	0	0	0
0	379	92	92	92	-0	-0	-0	0	0	0
0	380	92	92	92	-0	-0	-0	0	0	0
0	381	92	92	92	-0	-0	-0	0	0	0
0	382	92	92	92	-0	-0	-0	0	0	0
0	383	92	92	92	-0	-0	-0	0	0	0
0	384	92	92	92	-0	-0	-0	0	0	0
0	385	92	92	92	-0	-0	-0	0	0	0
0	386	92	92	92	-0	-0	-0	0	0	0
0	387	92	92	96	-0	-0	0.116115	0	0	0.015625
0	388	92	92	96	-0	-0	0.116115	0	0	0.015625
0	389	92	92	92	-0	-0	-0	0	0	0
0	390	92	92	92	-0	-0	-0	0	0	0
0	391	92	92	96	-0	-0	0.116115	0	0	0.015625
0	392	92	92	97	-0	-0	0.200622	0	0	0.03125
0	393	92	92	98	-0	-0	0.33729	0	0	0.0625
0	394	92	92	98	-0	-0	0.272971	0	0	0.046875
0	395	92	92	98	-0	-0	0.200622	0	0	0.03125
0	396	92	92	92	-0	-0	-0	0	0	0
0	397	92	92	92	-0	-0	-0	0	0	0
0	398	92	92	92	-0	-0	-0	0	0	0
0	399	92	92	96	-0	-0	0.116115	0	0	0.015625
0	400	92	92	96	-0	-0	0.116115	0	0	0.015625
0	401	92	92	97	-0	-0	0.200622	0	0	0.03125
0	402	92	92	97	-0	-0	0.200622	0	0	0.03125
0	403	92	92	97	-0	-0	0.200622	0	0	0.03125
0	404	92	92	97	-0	-0	0.116115	0	0	0.015625
0	405	92	92	98	-0	-0	0.272971	0	0	0.046875
0	406	92	92	98	-0	-0	0.272971	0	0	0.046875
0	407	92	92	100	-0	-0	0.395538	0	0	0.078125
0	408	92	92	99	-0	-0	0.272971	0	0	0.046875
0	409	92	92	98	-0	-0	0.33729	0	0	0.0625
0	410	92	92	98	-0	-0	0.272971	0	0	0.046875
0	411	92	92	99	-0	-0	0.395538	0	0	0.078125
0	412	92	92	99	-0	-0	0.33729	0	0	0.0625
0	413	92	92	99	-0	-0	0.498028	0	0	0.109375
0	414	92	92	98	-0	-0	0.272971	0	0	0.046875
0	415	92	92	98	-0	-0	0.272971	0	0	0.046875
0	416	92	92	99	-0	-0	0.498028	0	0	0.109375
0	417	92	92	99	-0	-0	0.625262	0	0	0.15625
0	418	92	92	102	-0	-0	0.448864	0	0	0.09375
0	419	92	92	101	-0	-0	0.498028	0	0	0.109375
0	420	92	92	101	-0	-0	0.498028	0	0	0.109375
0	421	92	92	101	-0	-0	0.395538	0	0	0.078125
0	422	92	92	100	-0	-0	0.395538	0	0	0.078125
0	423	92	92	99	-0	-0	0.33729	0	0	0.0625
0	424	92	92	100	-0	-0	0.395538	0	0	0.078125
0	425	92	92	98	-0	-0	0.33729	0	0	0.0625
0	426	92	92	100	-0	-0	0.33729	0	0	0.0625
0	427	92	92	99	-0	-0	0.448864	0	0	0.09375
0	428	92	92	99	-0	-0	0.448864	0	0	0.09375
0	429	92	92	100	-0	-0	0.33729	0	0	0.0625
0	430	92	92	98	-0	-0	0.33729	0	0	0.0625
0	431	92	92	98	-0	-0	0.272971	0	0	0.046875
0	432	92	92	97	-0	-0	0.116115	0	0	0.015625
0	433	92	92	92	-0	-0	-0	0	0	0
0	434	92	92	97	-0	-0	0.116115	0	0	0.015625
0	435	92	92	97	-0	-0	0.200622	0	0	0.03125
0	436	92	92	97	-0	-0	0.200622	0	0	0.03125
0	437	92	92	98	-0	-0	0.272971	0	0	0.046875
0	438	92	92	98	-0	-0	0.33729	0	0	0.0625
0	439	92	92	98	-0	-0	0.33729	0	0	0.0625
0	440	92	92	99	-0	-0	0.33729	0	0	0.0625
0	441	92	92	99	-0	-0	0.395538	0	0	0.078125
0	442	92	92	100	-0	-0	0.272971	0	0	0.046875
0	443	92	92	100	-0	-0	0.33729	0	0	0.0625
0	444	92	92	99	-0	-0	0.395538	0	0	0.078125
0	445	92	92	100	-0	-0	0.448864	0	0	0.09375
0	446	92	92	99	-0	-0	0.395538	0	0	0.078125
0	447	92	92	99	-0	-0	0.448864	0	0	0.09375
0	448	92	92	100	-0	-0	0.448864	0	0	0.09375
0	449	92	92	101	-0	-0	0.543564	0	0	0.125
0	450	92	92	102	-0	-0	0.625262	0	0	0.15625
0	451	92	92	101	-0	-0	0.395538	0	0	0.078125
0	452	92	92	101	-0	-0	0.498028	0	0	0.109375
0	453	92	92	102	-0	-0	0.498028	0	0	0.109375
0	454	92	92	102	-0	-0	0.585873	0	0	0.140625
0	455	92	92	101	-0	-0	0.661976	0	0	0.171875
0	456	92	92	103	-0	-0	0.543564	0	0	0.125
0	457	92	92	102	-0	-0	0.728134	0	0	0.203125
0	458	92	92	103	-0	-0	0.448864	0	0	0.09375
0	459	92	92	101	-0	-0	0.543564	0	0	0.125
0	460	92	92	100	-0	-0	0.543564	0	0	0.125
0	461	92	92	100	-0	-0	0.585873	0	0	0.140625
0	462	92	92	100	-0	-0	0.585873	0	0	0.140625
0	463	92	92	101	-0	-0	0.625262	0	0	0.15625
0	464	92	92	101	-0	-0	0.543564	0	0	0.125
0	465	92	92	101	-0	-0	0.661976	0	0	0.171875
0	466	92	92	101	-0	-0	0.757878	0	0	0.21875
0	467	92	92	101	-0	-0	0.625262	0	0	0.15625
0	468	92	92	100	-0	-0	0.896038	0	0	0.3125
0	469	92	92	102	-0	-0	0.728134	0	0	0.203125
0	470	92	92	103	-0	-0	0.912999	0	0	0.328125
0	471	92	92	108	-0	-0	0.857148	0	0	0.28125
0	472	92	92	105	-0	-0	0.757878	0	0	0.21875
0	473	92	96	106	-0	0.116115	0.835116	0	0.015625	0.265625
0	474	92	96	106	-0	0.116115	0.78556	0	0.015625	0.234375
0	475	92	97	107	-0	0.200622	0.835116	0	0.03125	0.265625
0	476	92	98	105	-0	0.272971	0.857148	0	0.046875	0.28125
0	477	92	99	105	-0	0.272971	0.835116	0	0.046875	0.265625
0	478	92	99	105	-0	0.200622	0.896038	0	0.03125	0.3125
0	479	92	97	106	-0	0.272971	0.896038	0	0.046875	0.3125
0	480	92	99	107	-0	0.33729	0.857148	0	0.0625	0.28125
0	481	92	98	108	-0	0.33729	0.857148	0	0.0625	0.28125
0	482	92	101	106	-0	0.395538	0.965202	0	0.078125	0.390625
0	483	92	100	104	-0	0.543564	0.728134	0	0.125	0.203125
0	484	92	101	102	-0	0.543564	0.585873	0	0.125	0.140625
0	485	92	103	105	-0	0.498028	0.498028	0	0.109375	0.109375
0	486	92	103	101	-0	0.585873	0.498028	0	0.140625	0.109375
0	487	92	103	104	-0	0.696212	0.625262	0	0.1875	0.15625
0	488	92	103	103	-0	0.543564	0.543564	0	0.125	0.125
0	489	92	102	102	-0	0.448864	0.696212	0	0.09375	0.1875
0	490	92	99	103	-0	0.448864	0.661976	0	0.09375	0.171875
0	491	92	101	104	-0	0.448864	0.625262	0	0.09375	0.15625
0	492	92	100	104	-0	0.625262	0.78556	0	0.15625	0.234375
0	493	92	102	104	-0	0.395538	0.585873	0	0.078125	0.140625
0	494	92	98	105	-0	0.272971	0.757878	0	0.046875	0.21875
0	495	92	98	105	-0	0.33729	0.728134	0	0.0625	0.203125
0	496	92	98	106	-0	0.33729	0.857148	0	0.0625	0.28125
0	497	92	98	104	-0	0.33729	0.757878	0	0.0625	0.21875
0	498	92	98	105	-0	0.33729	0.857148	0	0.0625	0.28125
0	499	92	98	105	-0	0.33729	0.78556	0	0.0625	0.234375
0	500	92	98	105	-0	0.33729	0.857148	0	0.0625	0.28125
