replicate	generation	Ktl	Kce	Kbr	Htl	Hce	Hbr	Dtl	Dce	Dbr
0	0	92	97	92	-0	0.116115	-0	0	0.984375	0
0	1	92	92	92	-0	-0	-0	0	0	0
0	2	92	92	92	-0	-0	-0	0	0	0
0	3	92	92	92	-0	-0	-0	0	0	0
0	4	92	92	92	-0	-0	-0	0	0	0
0	5	92	92	92	-0	-0	-0	0	0	0
0	6	92	92	92	-0	-0	-0	0	0	0
0	7	92	92	92	-0	-0	-0	0	0	0
0	8	92	92	92	-0	-0	-0	0	0	0
0	9	92	92	92	-0	-0	-0	0	0	0
0	10	92	92	92	-0	-0	-0	0	0	0
0	11	92	92	92	-0	-0	-0	0	0	0
0	12	92	92	92	-0	-0	-0	0	0	0
0	13	92	92	92	-0	-0	-0	0	0	0
0	14	92	92	92	-0	-0	-0	0	0	0
0	15	92	92	92	-0	-0	-0	0	0	0
0	16	92	92	92	-0	-0	-0	0	0	0
0	17	92	92	92	-0	-0	-0	0	0	0
0	18	92	92	92	-0	-0	-0	0	0	0
0	19	92	92	92	-0	-0	-0	0	0	0
0	20	92	92	92	-0	-0	-0	0	0	0
0	21	92	92	92	-0	-0	-0	0	0	0
0	22	92	92	92	-0	-0	-0	0	0	0
0	23	92	92	92	-0	-0	-0	0	0	0
0	24	92	92	92	-0	-0	-0	0	0	0
0	25	92	92	92	-0	-0	-0	0	0	0
0	26	92	92	92	-0	-0	-0	0	0	0
0	27	92	92	92	-0	-0	-0	0	0	0
0	28	92	92	92	-0	-0	-0	0	0	0
0	29	92	92	92	-0	-0	-0	0	0	0
0	30	92	92	92	-0	-0	-0	0	0	0
0	31	92	92	92	-0	-0	-0	0	0	0
0	32	92	92	92	-0	-0	-0	0	0	0
0	33	92	92	92	-0	-0	-0	0	0	0
0	34	92	92	92	-0	-0	-0	0	0	0
0	35	92	92	92	-0	-0	-0	0	0	0
0	36	92	92	92	-0	-0	-0	0	0	0
0	37	92	92	92	-0	-0	-0	0	0	0
0	38	92	92	92	-0	-0	-0	0	0	0
0	39	92	92	92	-0	-0	-0	0	0	0
0	40	92	92	92	-0	-0	-0	0	0	0
0	41	92	92	92	-0	-0	-0	0	0	0
0	42	92	92	92	-0	-0	-0	0	0	0
0	43	92	92	92	-0	-0	-0	0	0	0
0	44	92	92	92	-0	-0	-0	0	0	0
0	45	92	92	92	-0	-0	-0	0	0	0
0	46	92	92	92	-0	-0	-0	0	0	0
0	47	92	92	92	-0	-0	-0	0	0	0
0	48	92	99	92	-0	0.116115	-0	0	0.015625	0
0	49	92	99	92	-0	0.116115	-0	0	0.015625	0
0	50	92	99	92	-0	0.116115	-0	0	0.015625	0
0	51	92	97	92	-0	0.200622	-0	0	0.03125	0
0	52	92	98	92	-0	0.200622	-0	0	0.03125	0
0	53	92	99	92	-0	0.116115	-0	0	0.015625	0
0	54	92	99	92	-0	0.116115	-0	0	0.015625	0
0	55	92	99	92	-0	0.116115	-0	0	0.015625	0
0	56	92	92	92	-0	-0	-0	0	0	0
0	57	92	99	92	-0	0.116115	-0	0	0.015625	0
0	58	92	99	92	-0	0.116115	-0	0	0.015625	0
0	59	92	98	92	-0	0.200622	-0	0	0.03125	0
0	60	92	98	92	-0	0.272971	-0	0	0.046875	0
0	61	92	101	92	-0	0.272971	-0	0	0.046875	0
0	62	92	92	92	-0	-0	-0	0	0	0
0	63	92	92	92	-0	-0	-0	0	0	0
0	64	92	92	92	-0	-0	-0	0	0	0
0	65	92	92	92	-0	-0	-0	0	0	0
0	66	92	92	92	-0	-0	-0	0	0	0
0	67	92	99	92	-0	0.116115	-0	0	0.015625	0
0	68	92	97	92	-0	0.200622	-0	0	0.03125	0
0	69	92	97	92	-0	0.200622	-0	0	0.03125	0
0	70	92	97	92	-0	0.200622	-0	0	0.03125	0
0	71	92	92	92	-0	-0	-0	0	0	0
0	72	92	92	92	-0	-0	-0	0	0	0
0	73	92	92	92	-0	-0	-0	0	0	0
0	74	92	92	92	-0	-0	-0	0	0	0
0	75	92	92	92	-0	-0	-0	0	0	0
0	76	92	92	92	-0	-0	-0	0	0	0
0	77	92	92	92	-0	-0	-0	0	0	0
0	78	92	92	92	-0	-0	-0	0	0	0
0	79	92	92	92	-0	-0	-0	0	0	0
0	80	92	92	92	-0	-0	-0	0	0	0
0	81	92	92	92	-0	-0	-0	0	0	0
0	82	92	92	92	-0	-0	-0	0	0	0
0	83	92	92	92	-0	-0	-0	0	0	0
0	84	92	92	92	-0	-0	-0	0	0	0
0	85	92	92	92	-0	-0	-0	0	0	0
0	86	92	92	92	-0	-0	-0	0	0	0
0	87	92	92	92	-0	-0	-0	0	0	0
0	88	92	92	92	-0	-0	-0	0	0	0
0	89	92	92	92	-0	-0	-0	0	0	0
0	90	92	92	92	-0	-0	-0	0	0	0
0	91	92	92	92	-0	-0	-0	0	0	0
0	92	92	92	92	-0	-0	-0	0	0	0
0	93	92	92	92	-0	-0	-0	0	0	0
0	94	92	92	92	-0	-0	-0	0	0	0
0	95	92	92	92	-0	-0	-0	0	0	0
0	96	92	92	92	-0	-0	-0	0	0	0
0	97	92	92	92	-0	-0	-0	0	0	0
0	98	92	92	92	-0	-0	-0	0	0	0
0	99	92	92	92	-0	-0	-0	0	0	0
0	100	92	92	92	-0	-0	-0	0	0	0
0	101	92	92	92	-0	-0	-0	0	0	0
0	102	92	92	92	-0	-0	-0	0	0	0
0	103	92	92	92	-0	-0	-0	0	0	0
0	104	92	92	92	-0	-0	-0	0	0	0
0	105	92	92	92	-0	-0	-0	0	0	0
0	106	92	92	92	-0	-0	-0	0	0	0
0	107	92	92	92	-0	-0	-0	0	0	0
0	108	92	92	92	-0	-0	-0	0	0	0
0	109	92	97	92	-0	0.116115	-0	0	0.015625	0
0	110	92	97	92	-0	0.116115	-0	0	0.015625	0
0	111	92	98	92	-0	0.272971	-0	0	0.046875	0
0	112	92	98	92	-0	0.272971	-0	0	0.046875	0
0	113	92	98	92	-0	0.200622	-0	0	0.03125	0
0	114	92	97	92	-0	0.200622	-0	0	0.03125	0
0	115	92	97	92	-0	0.200622	-0	0	0.03125	0
0	116	92	97	92	-0	0.116115	-0	0	0.015625	0
0	117	92	96	92	-0	0.116115	-0	0	0.015625	0
0	118	92	97	92	-0	0.200622	-0	0	0.03125	0
0	119	92	97	92	-0	0.200622	-0	0	0.03125	0
0	120	92	97	92	-0	0.272971	-0	0	0.046875	0
0	121	92	99	92	-0	0.272971	-0	0	0.046875	0
0	122	92	98	92	-0	0.33729	-0	0	0.0625	0
0	123	92	98	92	-0	0.33729	-0	0	0.0625	0
0	124	92	99	92	-0	0.272971	-0	0	0.046875	0
0	125	92	97	92	-0	0.272971	-0	0	0.046875	0
0	126	92	99	92	-0	0.33729	-0	0	0.0625	0
0	127	92	99	92	-0	0.272971	-0	0	0.046875	0
0	128	92	99	92	-0	0.272971	-0	0	0.046875	0
0	129	92	98	92	-0	0.200622	-0	0	0.03125	0
0	130	92	97	92	-0	0.116115	-0	0	0.015625	0
0	131	92	92	92	-0	-0	-0	0	0	0
0	132	92	92	92	-0	-0	-0	0	0	0
0	133	92	92	92	-0	-0	-0	0	0	0
0	134	92	92	92	-0	-0	-0	0	0	0
0	135	92	92	92	-0	-0	-0	0	0	0
0	136	92	92	92	-0	-0	-0	0	0	0
0	137	92	92	92	-0	-0	-0	0	0	0
0	138	92	92	92	-0	-0	-0	0	0	0
0	139	92	92	92	-0	-0	-0	0	0	0
0	140	92	92	92	-0	-0	-0	0	0	0
0	141	92	92	92	-0	-0	-0	0	0	0
0	142	92	92	92	-0	-0	-0	0	0	0
0	143	92	92	92	-0	-0	-0	0	0	0
0	144	92	92	92	-0	-0	-0	0	0	0
0	145	92	92	92	-0	-0	-0	0	0	0
0	146	92	92	92	-0	-0	-0	0	0	0
0	147	92	92	92	-0	-0	-0	0	0	0
0	148	92	92	92	-0	-0	-0	0	0	0
0	149	92	92	92	-0	-0	-0	0	0	0
0	150	92	92	92	-0	-0	-0	0	0	0
0	151	92	92	92	-0	-0	-0	0	0	0
0	152	92	92	92	-0	-0	-0	0	0	0
0	153	92	92	92	-0	-0	-0	0	0	0
0	154	92	92	92	-0	-0	-0	0	0	0
0	155	92	92	92	-0	-0	-0	0	0	0
0	156	92	92	92	-0	-0	-0	0	0	0
0	157	92	92	92	-0	-0	-0	0	0	0
0	158	92	92	92	-0	-0	-0	0	0	0
0	159	92	92	92	-0	-0	-0	0	0	0
0	160	92	92	92	-0	-0	-0	0	0	0
0	161	92	92	92	-0	-0	-0	0	0	0
0	162	92	92	92	-0	-0	-0	0	0	0
0	163	92	92	92	-0	-0	-0	0	0	0
0	164	92	92	92	-0	-0	-0	0	0	0
0	165	92	92	92	-0	-0	-0	0	0	0
0	166	92	92	92	-0	-0	-0	0	0	0
0	167	92	92	92	-0	-0	-0	0	0	0
0	168	92	92	92	-0	-0	-0	0	0	0
0	169	92	92	92	-0	-0	-0	0	0	0
0	170	92	92	92	-0	-0	-0	0	0	0
0	171	92	92	92	-0	-0	-0	0	0	0
0	172	92	92	92	-0	-0	-0	0	0	0
0	173	92	92	92	-0	-0	-0	0	0	0
0	174	92	92	92	-0	-0	-0	0	0	0
0	175	92	92	92	-0	-0	-0	0	0	0
0	176	92	92	92	-0	-0	-0	0	0	0
0	177	92	92	92	-0	-0	-0	0	0	0
0	178	92	92	92	-0	-0	-0	0	0	0
0	179	92	92	92	-0	-0	-0	0	0	0
0	180	92	92	92	-0	-0	-0	0	0	0
0	181	92	92	92	-0	-0	-0	0	0	0
0	182	97	92	92	0.116115	-0	-0	0.015625	0	0
0	183	97	92	92	0.200622	-0	-0	0.03125	0	0
0	184	97	92	92	0.200622	-0	-0	0.03125	0	0
0	185	97	92	92	0.272971	-0	-0	0.046875	0	0
0	186	98	92	92	0.272971	-0	-0	0.046875	0	0
0	187	98	92	92	0.33729	-0	-0	0.0625	0	0
0	188	98	92	92	0.33729	-0	-0	0.0625	0	0
0	189	98	92	92	0.33729	-0	-0	0.0625	0	0
0	190	99	92	92	0.395538	-0	-0	0.078125	0	0
0	191	99	92	92	0.395538	-0	-0	0.078125	0	0
0	192	98	92	92	0.33729	-0	-0	0.0625	0	0
0	193	99	92	92	0.272971	-0	-0	0.046875	0	0
0	194	98	92	92	0.272971	-0	-0	0.046875	0	0
0	195	100	92	92	0.200622	-0	-0	0.03125	0	0
0	196	98	92	92	0.200622	-0	-0	0.03125	0	0
0	197	99	92	92	0.116115	-0	-0	0.015625	0	0
0	198	99	92	92	0.116115	-0	-0	0.015625	0	0
0	199	99	92	92	0.116115	-0	-0	0.015625	0	0
0	200	92	92	92	-0	-0	-0	0	0	0
0	201	92	97	92	-0	0.116115	-0	0	0.015625	0
0	202	92	98	92	-0	0.200622	-0	0	0.03125	0
0	203	92	98	92	-0	0.200622	-0	0	0.03125	0
0	204	92	97	92	-0	0.116115	-0	0	0.015625	0
0	205	92	97	92	-0	0.116115	-0	0	0.015625	0
0	206	92	97	92	-0	0.200622	-0	0	0.03125	0
0	207	92	98	92	-0	0.33729	-0	0	0.0625	0
0	208	92	99	92	-0	0.33729	-0	0	0.0625	0
0	209	92	98	92	-0	0.200622	-0	0	0.03125	0
0	210	92	97	92	-0	0.200622	-0	0	0.03125	0
0	211	92	97	92	-0	0.200622	-0	0	0.03125	0
0	212	92	98	92	-0	0.395538	-0	0	0.078125	0
0	213	92	99	92	-0	0.543564	-0	0	0.125	0
0	214	92	101	92	-0	0.448864	-0	0	0.09375	0
0	215	92	102	92	-0	0.498028	-0	0	0.109375	0
0	216	92	101	92	-0	0.661976	-0	0	0.171875	0
0	217	92	103	92	-0	0.498028	-0	0	0.109375	0
0	218	92	102	92	-0	0.448864	-0	0	0.09375	0
0	219	92	101	92	-0	0.395538	-0	0	0.078125	0
0	220	92	103	92	-0	0.33729	-0	0	0.0625	0
0	221	92	98	92	-0	0.272971	-0	0	0.046875	0
0	222	92	97	92	-0	0.116115	-0	0	0.015625	0
0	223	92	97	92	-0	0.116115	-0	0	0.015625	0
0	224	92	98	92	-0	0.272971	-0	0	0.046875	0
0	225	92	101	92	-0	0.33729	-0	0	0.0625	0
0	226	92	103	92	-0	0.395538	-0	0	0.078125	0
0	227	92	103	92	-0	0.498028	-0	0	0.109375	0
0	228	92	101	92	-0	0.33729	-0	0	0.0625	0
0	229	92	102	92	-0	0.33729	-0	0	0.0625	0
0	230	92	104	92	-0	0.585873	-0	0	0.140625	0
0	231	92	99	92	-0	0.33729	-0	0	0.0625	0
0	232	92	102	92	-0	0.33729	-0	0	0.0625	0
0	233	92	101	92	-0	0.448864	-0	0	0.09375	0
0	234	92	104	92	-0	0.498028	-0	0	0.109375	0
0	235	92	104	92	-0	0.498028	-0	0	0.109375	0
0	236	92	104	92	-0	0.448864	-0	0	0.09375	0
0	237	92	103	92	-0	0.395538	-0	0	0.078125	0
0	238	92	103	92	-0	0.395538	-0	0	0.078125	0
0	239	92	103	92	-0	0.395538	-0	0	0.078125	0
0	240	92	103	92	-0	0.395538	-0	0	0.078125	0
0	241	92	103	92	-0	0.395538	-0	0	0.078125	0
0	242	92	103	92	-0	0.395538	-0	0	0.078125	0
0	243	92	103	92	-0	0.395538	-0	0	0.078125	0
0	244	92	103	92	-0	0.395538	-0	0	0.078125	0
0	245	92	103	92	-0	0.395538	-0	0	0.078125	0
0	246	92	103	92	-0	0.395538	-0	0	0.078125	0
0	247	92	103	92	-0	0.395538	-0	0	0.078125	0
0	248	92	103	92	-0	0.395538	-0	0	0.078125	0
0	249	92	105	92	-0	0.498028	-0	0	0.109375	0
0	250	92	104	92	-0	0.448864	-0	0	0.09375	0
0	251	92	103	92	-0	0.543564	-0	0	0.125	0
0	252	92	102	92	-0	0.395538	-0	0	0.078125	0
0	253	92	99	92	-0	0.395538	-0	0	0.078125	0
0	254	92	102	92	-0	0.395538	-0	0	0.078125	0
0	255	92	102	92	-0	0.272971	-0	0	0.046875	0
0	256	92	100	92	-0	0.200622	-0	0	0.03125	0
0	257	92	92	92	-0	-0	-0	0	0	0
0	258	92	92	92	-0	-0	-0	0	0	0
0	259	92	92	92	-0	-0	-0	0	0	0
0	260	92	92	92	-0	-0	-0	0	0	0
0	261	92	92	92	-0	-0	-0	0	0	0
0	262	92	96	92	-0	0.116115	-0	0	0.015625	0
0	263	92	96	92	-0	0.116115	-0	0	0.015625	0
0	264	92	97	92	-0	0.200622	-0	0	0.03125	0
0	265	92	97	92	-0	0.200622	-0	0	0.03125	0
0	266	92	97	92	-0	0.200622	-0	0	0.03125	0
0	267	92	97	92	-0	0.200622	-0	0	0.03125	0
0	268	92	97	92	-0	0.116115	-0	0	0.015625	0
0	269	92	92	92	-0	-0	-0	0	0	0
0	270	92	92	92	-0	-0	-0	0	0	0
0	271	92	92	92	-0	-0	-0	0	0	0
0	272	92	92	92	-0	-0	-0	0	0	0
0	273	92	92	92	-0	-0	-0	0	0	0
0	274	92	92	92	-0	-0	-0	0	0	0
0	275	92	92	92	-0	-0	-0	0	0	0
0	276	92	92	92	-0	-0	-0	0	0	0
0	277	92	92	92	-0	-0	-0	0	0	0
0	278	92	92	92	-0	-0	-0	0	0	0
0	279	92	92	92	-0	-0	-0	0	0	0
0	280	96	92	92	0.116115	-0	-0	0.015625	0	0
0	281	96	92	92	0.116115	-0	-0	0.015625	0	0
0	282	96	92	92	0.116115	-0	-0	0.015625	0	0
0	283	96	92	92	0.116115	-0	-0	0.015625	0	0
0	284	97	92	92	0.200622	-0	-0	0.03125	0	0
0	285	97	92	92	0.272971	-0	-0	0.046875	0	0
0	286	97	92	92	0.272971	-0	-0	0.046875	0	0
0	287	100	92	92	0.395538	-0	-0	0.078125	0	0
0	288	99	92	92	0.33729	-0	-0	0.0625	0	0
0	289	101	92	92	0.543564	-0	-0	0.125	0	0
0	290	102	92	92	0.498028	-0	-0	0.109375	0	0
0	291	103	92	92	0.661976	-0	-0	0.171875	0	0
0	292	102	92	92	0.585873	-0	-0	0.140625	0	0
0	293	104	92	92	0.728134	-0	-0	0.203125	0	0
0	294	104	92	92	0.625262	-0	-0	0.15625	0	0
0	295	105	92	92	0.78556	-0	-0	0.234375	0	0
0	296	103	92	92	0.585873	-0	-0	0.140625	0	0
0	297	100	92	92	0.696212	-0	-0	0.1875	0	0
0	298	102	92	92	0.543564	-0	-0	0.125	0	0
0	299	100	92	92	0.543564	-0	-0	0.125	0	0
0	300	100	92	92	0.585873	-0	-0	0.140625	0	0
0	301	100	92	92	0.543564	-0	-0	0.125	0	0
0	302	100	92	92	0.585873	-0	-0	0.140625	0	0
0	303	100	92	92	0.661976	-0	-0	0.171875	0	0
0	304	100	92	92	0.661976	-0	-0	0.171875	0	0
0	305	101	92	92	0.661976	-0	-0	0.171875	0	0
0	306	102	92	92	0.625262	-0	-0	0.15625	0	0
0	307	103	92	92	0.625262	-0	-0	0.15625	0	0
0	308	104	92	92	0.625262	-0	-0	0.15625	0	0
0	309	104	92	92	0.543564	-0	-0	0.125	0	0
0	310	103	92	92	0.498028	-0	-0	0.109375	0	0
0	311	104	92	92	0.585873	-0	-0	0.140625	0	0
0	312	105	92	92	0.543564	-0	-0	0.125	0	0
0	313	106	92	92	0.757878	-0	-0	0.21875	0	0
0	314	106	92	92	0.696212	-0	-0	0.1875	0	0
0	315	105	92	92	0.877437	-0	-0	0.296875	0	0
0	316	103	92	96	0.543564	-0	0.116115	0.125	0	0.015625
0	317	103	92	96	0.585873	-0	0.116115	0.140625	0	0.015625
0	318	100	92	97	0.395538	-0	0.200622	0.078125	0	0.03125
0	319	100	92	97	0.448864	-0	0.200622	0.09375	0	0.03125
0	320	102	92	98	0.543564	-0	0.272971	0.125	0	0.046875
0	321	102	92	99	0.728134	-0	0.395538	0.203125	0	0.078125
0	322	105	92	99	0.625262	-0	0.200622	0.15625	0	0.03125
0	323	106	92	97	0.835116	-0	0.200622	0.265625	0	0.03125
0	324	104	92	97	0.585873	-0	0.200622	0.140625	0	0.03125
0	325	101	92	97	0.696212	-0	0.33729	0.1875	0	0.0625
0	326	106	92	99	0.728134	-0	0.448864	0.203125	0	0.09375
0	327	108	92	99	0.942163	-0	0.33729	0.359375	0	0.0625
0	328	109	92	98	0.835116	-0	0.272971	0.265625	0	0.046875
0	329	105	92	97	0.928362	-0	0.272971	0.34375	0	0.046875
0	330	105	92	99	0.857148	-0	0.33729	0.28125	0	0.0625
0	331	105	92	97	0.661976	-0	0.448864	0.171875	0	0.09375
0	332	104	92	100	0.661976	-0	0.448864	0.171875	0	0.09375
0	333	103	92	101	0.585873	-0	0.585873	0.140625	0	0.140625
0	334	102	92	101	0.625262	-0	0.448864	0.15625	0	0.09375
0	335	102	92	102	0.543564	-0	0.498028	0.125	0	0.109375
0	336	102	92	101	0.395538	-0	0.543564	0.078125	0	0.125
0	337	101	92	100	0.448864	-0	0.498028	0.09375	0	0.109375
0	338	102	92	100	0.448864	-0	0.498028	0.09375	0	0.109375
0	339	100	92	102	0.543564	-0	0.585873	0.125	0	0.140625
0	340	102	92	101	0.448864	-0	0.498028	0.09375	0	0.109375
0	341	101	92	102	0.33729	-0	0.661976	0.0625	0	0.171875
0	342	103	92	103	0.498028	-0	0.448864	0.109375	0	0.09375
0	343	102	92	101	0.395538	-0	0.543564	0.078125	0	0.125
0	344	99	92	101	0.448864	-0	0.585873	0.09375	0	0.140625
0	345	100	92	101	0.200622	-0	0.585873	0.03125	0	0.140625
0	346	96	92	100	0.116115	-0	0.661976	0.015625	0	0.171875
0	347	97	92	102	0.200622	-0	0.757878	0.03125	0	0.21875
0	348	96	92	102	0.116115	-0	0.661976	0.015625	0	0.171875
0	349	97	92	103	0.200622	-0	0.757878	0.03125	0	0.21875
0	350	97	92	102	0.116115	-0	0.661976	0.015625	0	0.171875
0	351	98	92	103	0.272971	-0	0.857148	0.046875	0	0.28125
0	352	102	92	105	0.272971	-0	0.661976	0.046875	0	0.171875
0	353	97	92	102	0.116115	-0	0.835116	0.015625	0	0.265625
0	354	92	92	103	-0	-0	0.585873	0	0	0.140625
0	355	92	92	103	-0	-0	0.585873	0	0	0.140625
0	356	92	92	103	-0	-0	0.625262	0	0	0.15625
0	357	97	92	104	0.200622	-0	0.78556	0.03125	0	0.234375
0	358	97	92	104	0.200622	-0	0.625262	0.03125	0	0.15625
0	359	92	92	103	-0	-0	0.661976	0	0	0.171875
0	360	96	92	104	0.116115	-0	0.696212	0.015625	0	0.1875
0	361	92	92	107	-0	-0	0.728134	0	0	0.203125
0	362	98	92	105	0.200622	-0	0.757878	0.03125	0	0.21875
0	363	98	92	103	0.272971	-0	0.696212	0.046875	0	0.1875
0	364	100	92	104	0.33729	-0	0.661976	0.0625	0	0.171875
0	365	99	92	102	0.33729	-0	0.757878	0.0625	0	0.21875
0	366	100	92	104	0.448864	-0	0.625262	0.09375	0	0.15625
0	367	101	92	101	0.448864	-0	0.498028	0.09375	0	0.109375
0	368	103	92	101	0.543564	-0	0.448864	0.125	0	0.09375
0	369	103	92	101	0.661976	-0	0.498028	0.171875	0	0.109375
0	370	102	92	100	0.625262	-0	0.448864	0.15625	0	0.09375
0	371	104	92	98	0.625262	-0	0.116115	0.15625	0	0.015625
0	372	106	97	98	0.728134	0.116115	0.116115	0.203125	0.015625	0.015625
0	373	105	97	98	0.78556	0.116115	0.200622	0.234375	0.015625	0.03125
0	374	104	98	98	0.78556	0.200622	0.200622	0.234375	0.03125	0.03125
0	375	106	98	98	0.928362	0.200622	0.200622	0.34375	0.03125	0.03125
0	376	105	99	98	0.811278	0.272971	0.200622	0.25	0.046875	0.03125
0	377	107	99	98	0.912999	0.33729	0.200622	0.328125	0.0625	0.03125
0	378	106	101	98	0.974489	0.272971	0.272971	0.40625	0.046875	0.046875
0	379	104	101	98	0.811278	0.395538	0.33729	0.25	0.078125	0.0625
0	380	105	103	99	0.585873	0.448864	0.200622	0.140625	0.09375	0.03125
0	381	103	103	98	0.585873	0.498028	0.116115	0.140625	0.109375	0.015625
0	382	100	101	98	0.448864	0.33729	0.200622	0.09375	0.0625	0.03125
0	383	100	99	98	0.625262	0.33729	0.200622	0.15625	0.0625	0.03125
0	384	103	100	92	0.728134	0.272971	-0	0.203125	0.046875	0
0	385	103	101	92	0.78556	0.272971	-0	0.234375	0.046875	0
0	386	105	100	92	0.811278	0.33729	-0	0.25	0.0625	0
0	387	105	104	96	0.811278	0.395538	0.116115	0.25	0.078125	0.015625
0	388	104	104	97	0.835116	0.498028	0.200622	0.265625	0.109375	0.03125
0	389	105	102	98	0.757878	0.448864	0.33729	0.21875	0.09375	0.0625
0	390	107	107	98	0.896038	0.661976	0.33729	0.3125	0.171875	0.0625
0	391	107	104	99	0.78556	0.625262	0.116115	0.234375	0.15625	0.015625
0	392	105	102	92	0.696212	0.498028	-0	0.1875	0.109375	0
0	393	107	103	92	0.757878	0.585873	-0	0.21875	0.140625	0
0	394	104	102	92	0.696212	0.498028	-0	0.1875	0.109375	0
0	395	102	100	92	0.661976	0.696212	-0	0.171875	0.1875	0
0	396	102	103	92	0.696212	0.448864	-0	0.1875	0.09375	0
0	397	103	103	92	0.696212	0.395538	-0	0.1875	0.078125	0
0	398	104	100	92	0.811278	0.395538	-0	0.25	0.078125	0
0	399	102	102	92	0.543564	0.448864	-0	0.125	0.09375	0
0	400	102	102	92	0.585873	0.448864	-0	0.140625	0.09375	0
0	401	102	100	92	0.625262	0.498028	-0	0.15625	0.109375	0
0	402	103	100	92	0.661976	0.661976	-0	0.171875	0.171875	0
0	403	101	101	92	0.543564	0.33729	-0	0.125	0.0625	0
0	404	103	98	92	0.661976	0.272971	-0	0.171875	0.046875	0
0	405	102	98	92	0.625262	0.448864	-0	0.15625	0.09375	0
0	406	105	101	92	0.728134	0.395538	-0	0.203125	0.078125	0
0	407	105	99	92	0.757878	0.448864	-0	0.21875	0.09375	0
0	408	104	101	92	0.757878	0.448864	-0	0.21875	0.09375	0
0	409	103	101	92	0.498028	0.543564	-0	0.109375	0.125	0
0	410	100	101	92	0.448864	0.543564	-0	0.09375	0.125	0
0	411	100	98	92	0.395538	0.498028	-0	0.078125	0.109375	0
0	412	99	98	92	0.395538	0.625262	-0	0.078125	0.15625	0
0	413	101	100	92	0.33729	0.585873	-0	0.0625	0.140625	0
0	414	101	100	92	0.33729	0.625262	-0	0.0625	0.15625	0
0	415	99	100	92	0.33729	0.728134	-0	0.0625	0.203125	0
0	416	99	102	92	0.200622	0.585873	-0	0.03125	0.140625	0
0	417	98	103	92	0.200622	0.728134	-0	0.03125	0.203125	0
0	418	98	103	92	0.116115	0.696212	-0	0.015625	0.1875	0
0	419	92	102	92	-0	0.661976	-0	0	0.171875	0
0	420	92	104	92	-0	0.877437	-0	0	0.296875	0
0	421	92	103	92	-0	0.498028	-0	0	0.109375	0
0	422	92	101	92	-0	0.448864	-0	0	0.09375	0
0	423	92	100	92	-0	0.543564	-0	0	0.125	0
0	424	92	101	92	-0	0.395538	-0	0	0.078125	0
0	425	92	99	92	-0	0.498028	-0	0	0.109375	0
0	426	92	101	92	-0	0.448864	-0	0	0.09375	0
0	427	92	100	92	-0	0.543564	-0	0	0.125	0
0	428	92	102	92	-0	0.625262	-0	0	0.15625	0
0	429	92	101	92	-0	0.696212	-0	0	0.1875	0
0	430	92	101	92	-0	0.585873	-0	0	0.140625	0
0	431	92	103	92	-0	0.757878	-0	0	0.21875	0
0	432	92	103	92	-0	0.625262	-0	0	0.15625	0
0	433	92	102	92	-0	0.696212	-0	0	0.1875	0
0	434	92	104	92	-0	0.696212	-0	0	0.1875	0
0	435	92	103	92	-0	0.696212	-0	0	0.1875	0
0	436	97	103	92	0.200622	0.78556	-0	0.03125	0.234375	0
0	437	99	102	92	0.200622	0.757878	-0	0.03125	0.21875	0
0	438	92	102	92	-0	0.728134	-0	0	0.203125	0
0	439	92	104	92	-0	0.78556	-0	0	0.234375	0
0	440	92	103	92	-0	0.857148	-0	0	0.28125	0
0	441	92	106	92	-0	0.877437	-0	0	0.296875	0
0	442	92	105	92	-0	0.965202	-0	0	0.390625	0
0	443	92	104	92	-0	0.811278	-0	0	0.25	0
0	444	92	102	92	-0	0.661976	-0	0	0.171875	0
0	445	92	106	92	-0	0.896038	-0	0	0.3125	0
0	446	97	103	92	0.116115	0.696212	-0	0.015625	0.1875	0
0	447	92	104	92	-0	0.696212	-0	0	0.1875	0
0	448	97	103	92	0.116115	0.661976	-0	0.015625	0.171875	0
0	449	97	103	92	0.116115	0.661976	-0	0.015625	0.171875	0
0	450	96	102	92	0.116115	0.728134	-0	0.015625	0.203125	0
0	451	97	102	92	0.116115	0.757878	-0	0.015625	0.21875	0
0	452	92	103	92	-0	0.625262	-0	0	0.15625	0
0	453	92	104	92	-0	0.625262	-0	0	0.15625	0
0	454	97	104	92	0.116115	0.835116	-0	0.015625	0.265625	0
0	455	98	103	92	0.272971	0.661976	-0	0.046875	0.171875	0
0	456	98	99	92	0.272971	0.661976	-0	0.046875	0.171875	0
0	457	97	102	92	0.272971	0.661976	-0	0.046875	0.171875	0
0	458	98	101	92	0.272971	0.543564	-0	0.046875	0.125	0
0	459	98	101	92	0.272971	0.585873	-0	0.046875	0.140625	0
0	460	98	101	92	0.272971	0.498028	-0	0.046875	0.109375	0
0	461	97	100	92	0.272971	0.272971	-0	0.046875	0.046875	0
0	462	97	98	92	0.272971	0.395538	-0	0.046875	0.078125	0
0	463	98	100	92	0.33729	0.33729	-0	0.0625	0.0625	0
0	464	98	99	92	0.33729	0.395538	-0	0.0625	0.078125	0
0	465	98	101	92	0.33729	0.498028	-0	0.0625	0.109375	0
0	466	98	102	92	0.33729	0.498028	-0	0.0625	0.109375	0
0	467	98	102	92	0.33729	0.625262	-0	0.0625	0.15625	0
0	468	98	102	92	0.33729	0.395538	-0	0.0625	0.078125	0
0	469	98	101	92	0.33729	0.448864	-0	0.0625	0.09375	0
0	470	98	100	92	0.33729	0.448864	-0	0.0625	0.09375	0
0	471	98	99	92	0.33729	0.395538	-0	0.0625	0.078125	0
0	472	99	99	92	0.395538	0.395538	-0	0.078125	0.078125	0
0	473	99	99	92	0.395538	0.272971	-0	0.078125	0.046875	0
0	474	99	98	92	0.395538	0.33729	-0	0.078125	0.0625	0
0	475	98	98	92	0.448864	0.395538	-0	0.09375	0.078125	0
0	476	99	100	92	0.448864	0.395538	-0	0.09375	0.078125	0
0	477	100	100	92	0.498028	0.33729	-0	0.109375	0.0625	0
0	478	99	98	92	0.498028	0.272971	-0	0.109375	0.046875	0
0	479	100	98	92	0.585873	0.33729	-0	0.140625	0.0625	0
0	480	102	99	92	0.585873	0.448864	-0	0.140625	0.09375	0
0	481	100	100	92	0.661976	0.272971	-0	0.171875	0.046875	0
0	482	101	97	92	0.585873	0.200622	-0	0.140625	0.03125	0
0	483	102	97	92	0.543564	0.272971	-0	0.125	0.046875	0
0	484	102	97	92	0.696212	0.272971	-0	0.1875	0.046875	0
0	485	103	99	92	0.661976	0.395538	-0	0.171875	0.078125	0
0	486	102	98	92	0.585873	0.272971	-0	0.140625	0.046875	0
0	487	103	98	97	0.625262	0.272971	0.116115	0.15625	0.046875	0.015625
0	488	102	98	97	0.585873	0.395538	0.200622	0.140625	0.078125	0.03125
0	489	104	98	97	0.625262	0.272971	0.200622	0.15625	0.046875	0.03125
0	490	104	97	97	0.625262	0.200622	0.272971	0.15625	0.03125	0.046875
0	491	104	97	99	0.696212	0.200622	0.200622	0.1875	0.03125	0.03125
0	492	104	92	97	0.835116	-0	0.200622	0.265625	0	0.03125
0	493	102	97	97	0.625262	0.200622	0.272971	0.15625	0.03125	0.046875
0	494	103	97	99	0.696212	0.200622	0.395538	0.1875	0.03125	0.078125
0	495	105	96	100	0.661976	0.116115	0.448864	0.171875	0.015625	0.09375
0	496	104	97	101	0.696212	0.200622	0.543564	0.1875	0.03125	0.125
0	497	106	97	99	0.728134	0.272971	0.448864	0.203125	0.046875	0.09375
0	498	107	98	101	0.811278	0.272971	0.498028	0.25	0.046875	0.109375
0	499	106	98	102	0.896038	0.33729	0.585873	0.3125	0.0625	0.140625
0	500	106	99	103	0.696212	0.395538	0.625262	0.1875	0.078125	0.15625
