replicate	generation	window	K	H	S
0	0	1	212	0.774127	933
0	0	2	183	1.08349	256
0	0	4	153	1.31962	64
0	0	8	134	1.51823	16
0	0	16	104	1.18628	4
0	0	32	84	1.5	4
0	0	64	80	-0	1
0	1	1	147	0.18465	115
0	1	2	147	0.397923	66
0	1	4	150	0.891232	39
0	1	8	144	1.8367	22
0	1	16	105	2.875	12
0	1	32	84	1.5	4
0	1	64	78	-0	1
0	2	1	167	0.359771	280
0	2	2	168	0.640952	105
0	2	4	173	1.32258	57
0	2	8	162	2.46122	28
0	2	16	107	3.20282	12
0	2	32	86	2	4
0	2	64	79	-0	1
0	3	1	209	0.277199	196
0	3	2	183	0.575908	109
0	3	4	159	1.15902	58
0	3	8	152	2.2342	28
0	3	16	104	2.95282	12
0	3	32	85	2	4
0	3	64	78	-0	1
0	4	1	221	0.49209	440
0	4	2	202	0.914261	164
0	4	4	186	1.32732	55
0	4	8	168	2.47458	28
0	4	16	109	3.07782	12
0	4	32	85	2	4
0	4	64	79	-0	1
0	5	1	238	0.278252	197
0	5	2	196	0.655594	122
0	5	4	171	1.31207	64
0	5	8	150	2.20139	28
0	5	16	104	2.875	12
0	5	32	85	2	4
0	5	64	78	-0	1
0	6	1	248	0.456015	393
0	6	2	223	0.929734	162
0	6	4	188	1.83346	84
0	6	8	165	2.45512	28
0	6	16	107	3.07782	12
0	6	32	85	2	4
0	6	64	78	-0	1
0	7	1	267	0.367997	289
0	7	2	221	0.804283	168
0	7	4	171	1.5004	85
0	7	8	151	2.26803	28
0	7	16	107	2.95282	12
0	7	32	86	2	4
0	7	64	79	-0	1
0	8	1	278	0.572326	555
0	8	2	237	1.17599	228
0	8	4	207	1.97735	86
0	8	8	172	2.71024	29
0	8	16	110	3.45282	13
0	8	32	86	2	4
0	8	64	80	-0	1
0	9	1	286	0.315941	234
0	9	2	225	0.79325	156
0	9	4	182	1.60193	80
0	9	8	165	2.69203	34
0	9	16	106	3.07782	13
0	9	32	86	2	4
0	9	64	78	-0	1
0	10	1	290	0.413535	341
0	10	2	242	0.904574	156
0	10	4	206	1.86594	81
0	10	8	173	3.02866	35
0	10	16	107	3.07782	12
0	10	32	86	1.5	4
0	10	64	79	-0	1
0	11	1	291	0.338243	257
0	11	2	230	0.821303	160
0	11	4	196	1.72695	85
0	11	8	166	2.6946	34
0	11	16	108	2.95282	12
0	11	32	86	2	4
0	11	64	78	-0	1
0	12	1	290	0.403314	329
0	12	2	234	0.936674	167
0	12	4	200	1.7845	78
0	12	8	169	2.75649	31
0	12	16	106	3.25	12
0	12	32	85	2	4
0	12	64	79	-0	1
0	13	1	288	0.328645	247
0	13	2	236	0.80124	149
0	13	4	193	1.67885	79
0	13	8	168	2.5633	31
0	13	16	106	2.95282	12
0	13	32	85	2	4
0	13	64	78	-0	1
0	14	1	296	0.3903	314
0	14	2	242	0.922915	166
0	14	4	204	1.88907	86
0	14	8	174	2.74626	31
0	14	16	106	3.375	12
0	14	32	86	2	4
0	14	64	79	-0	1
0	15	1	302	0.355154	275
0	15	2	239	0.866283	172
0	15	4	193	1.85675	91
0	15	8	165	2.59959	31
0	15	16	105	3.25	12
0	15	32	85	2	4
0	15	64	79	-0	1
0	16	1	312	0.39814	323
0	16	2	254	0.951231	175
0	16	4	210	1.9749	90
0	16	8	173	2.82469	31
0	16	16	109	3.07782	12
0	16	32	85	2	4
0	16	64	79	-0	1
0	17	1	313	0.357928	278
0	17	2	245	0.862701	159
0	17	4	204	1.81285	82
0	17	8	170	2.6765	31
0	17	16	108	3.375	12
0	17	32	86	2	4
0	17	64	79	-0	1
0	18	1	320	0.362525	283
0	18	2	249	0.893205	164
0	18	4	204	1.78869	81
0	18	8	175	2.90646	33
0	18	16	106	3.32782	13
0	18	32	85	1.5	4
0	18	64	79	-0	1
0	19	1	317	0.342041	261
0	19	2	242	0.866028	162
0	19	4	209	1.78396	81
0	19	8	167	2.82672	33
0	19	16	107	3.75	14
0	19	32	84	2	4
0	19	64	79	-0	1
0	20	1	314	0.333463	252
0	20	2	243	0.83607	155
0	20	4	204	1.75941	81
0	20	8	172	3.02866	35
0	20	16	106	3.32782	14
0	20	32	85	2	4
0	20	64	77	-0	1
0	21	1	320	0.343931	263
0	21	2	244	0.842893	153
0	21	4	207	1.72317	76
0	21	8	175	2.95121	34
0	21	16	109	3.32782	13
0	21	32	87	2	4
0	21	64	79	-0	1
0	22	1	321	0.35608	276
0	22	2	245	0.876108	160
0	22	4	208	1.76976	79
0	22	8	175	2.95782	33
0	22	16	108	3.20282	13
0	22	32	86	2	4
0	22	64	79	-0	1
0	23	1	323	0.357005	277
0	23	2	253	0.87113	160
0	23	4	208	1.80069	82
0	23	8	176	3.16976	36
0	23	16	108	3.875	14
0	23	32	86	2	4
0	23	64	79	-0	1
0	24	1	338	0.363441	284
0	24	2	255	0.900466	170
0	24	4	207	1.81543	85
0	24	8	175	3.01879	35
0	24	16	106	3.57782	13
0	24	32	85	2	4
0	24	64	79	-0	1
0	25	1	332	0.377908	300
0	25	2	257	0.945901	180
0	25	4	206	1.93381	92
0	25	8	181	3.14875	36
0	25	16	110	3.57782	13
0	25	32	86	2	4
0	25	64	79	-0	1
0	26	1	336	0.375221	297
0	26	2	260	0.937541	180
0	26	4	202	1.88574	89
0	26	8	176	3.10154	37
0	26	16	109	3.70282	13
0	26	32	86	2	4
0	26	64	79	-0	1
0	27	1	334	0.389423	313
0	27	2	254	0.975011	191
0	27	4	214	1.90448	87
0	27	8	179	3.13312	39
0	27	16	107	3.875	14
0	27	32	86	2	4
0	27	64	79	-0	1
0	28	1	342	0.378801	301
0	28	2	256	0.935229	179
0	28	4	207	1.85451	84
0	28	8	176	3.12366	38
0	28	16	108	3.5	14
0	28	32	87	2	4
0	28	64	79	-0	1
0	29	1	340	0.377908	300
0	29	2	260	0.934615	177
0	29	4	217	1.88812	88
0	29	8	178	3.17023	38
0	29	16	109	3.5	14
0	29	32	86	2	4
0	29	64	79	-0	1
0	30	1	335	0.389423	313
0	30	2	258	0.954908	180
0	30	4	210	1.88095	86
0	30	8	178	3.23297	39
0	30	16	108	3.57782	14
0	30	32	88	2	4
0	30	64	79	-0	1
0	31	1	336	0.375221	297
0	31	2	256	0.922802	177
0	31	4	208	1.89067	90
0	31	8	178	3.27117	41
0	31	16	109	3.625	14
0	31	32	86	1.5	4
0	31	64	79	-0	1
0	32	1	336	0.400732	326
0	32	2	259	0.983007	191
0	32	4	208	1.97289	93
0	32	8	180	3.3569	40
0	32	16	108	3.875	14
0	32	32	86	2	4
0	32	64	79	-0	1
0	33	1	356	0.41438	342
0	33	2	264	1.02766	213
0	33	4	212	1.97456	92
0	33	8	179	3.25812	39
0	33	16	107	3.5	14
0	33	32	86	2	4
0	33	64	79	-0	1
0	34	1	367	0.444052	378
0	34	2	268	1.07519	214
0	34	4	218	2.07246	94
0	34	8	183	3.37791	40
0	34	16	107	3.75	14
0	34	32	86	2	4
0	34	64	78	-0	1
0	35	1	367	0.439202	372
0	35	2	275	1.07696	220
0	35	4	222	2.11235	98
0	35	8	186	3.39491	39
0	35	16	107	3.875	14
0	35	32	86	2	4
0	35	64	78	-0	1
0	36	1	366	0.448864	384
0	36	2	272	1.1205	234
0	36	4	219	2.19009	106
0	36	8	198	3.72825	42
0	36	16	110	3.625	14
0	36	32	87	2	4
0	36	64	78	-0	1
0	37	1	376	0.452053	388
0	37	2	272	1.10752	228
0	37	4	221	2.23237	109
0	37	8	197	3.64887	42
0	37	16	109	3.625	14
0	37	32	88	2	4
0	37	64	78	-0	1
0	38	1	369	0.459168	397
0	38	2	277	1.1247	230
0	38	4	228	2.22783	107
0	38	8	187	3.51364	42
0	38	16	111	3.625	14
0	38	32	87	2	4
0	38	64	78	-0	1
0	39	1	367	0.437577	370
0	39	2	270	1.07192	218
0	39	4	217	2.16944	108
0	39	8	189	3.40347	40
0	39	16	110	3.75	14
0	39	32	87	2	4
0	39	64	78	-0	1
0	40	1	378	0.46698	407
0	40	2	282	1.14945	234
0	40	4	220	2.20104	107
0	40	8	186	3.56848	42
0	40	16	110	3.75	14
0	40	32	87	2	4
0	40	64	79	-0	1
0	41	1	374	0.452847	389
0	41	2	280	1.11347	229
0	41	4	212	2.15053	105
0	41	8	194	3.56537	41
0	41	16	107	3.75	14
0	41	32	86	2	4
0	41	64	78	-0	1
0	42	1	394	0.4891	436
0	42	2	285	1.18962	245
0	42	4	231	2.28282	109
0	42	8	191	3.4701	40
0	42	16	111	3.28064	13
0	42	32	87	2	4
0	42	64	79	-0	1
0	43	1	379	0.46698	407
0	43	2	283	1.12774	244
0	43	4	219	2.24432	114
0	43	8	193	3.58482	41
0	43	16	107	3.57782	13
0	43	32	85	2	4
0	43	64	79	-0	1
0	44	1	399	0.500975	452
0	44	2	288	1.22091	256
0	44	4	229	2.38433	117
0	44	8	191	3.58896	41
0	44	16	110	3.57782	13
0	44	32	86	2	4
0	44	64	79	-0	1
0	45	1	390	0.475463	418
0	45	2	289	1.17639	251
0	45	4	224	2.28396	114
0	45	8	197	3.59506	41
0	45	16	109	3.70282	13
0	45	32	86	2	4
0	45	64	79	-0	1
0	46	1	385	0.479281	423
0	46	2	290	1.16941	239
0	46	4	234	2.30839	110
0	46	8	187	3.57044	42
0	46	16	108	3.875	14
0	46	32	85	2	4
0	46	64	79	-0	1
0	47	1	383	0.472392	414
0	47	2	284	1.13807	235
0	47	4	228	2.2826	109
0	47	8	194	3.75277	44
0	47	16	111	3.57782	13
0	47	32	85	2	4
0	47	64	79	-0	1
0	48	1	372	0.447264	382
0	48	2	279	1.11252	227
0	48	4	217	2.15218	106
0	48	8	182	3.44544	42
0	48	16	107	3.57782	13
0	48	32	87	2	4
0	48	64	78	-0	1
0	49	1	367	0.426912	357
0	49	2	275	1.05555	211
0	49	4	216	2.11912	104
0	49	8	187	3.43316	40
0	49	16	110	3.5	14
0	49	32	84	2	4
0	49	64	79	-0	1
0	50	1	365	0.440013	373
0	50	2	268	1.08506	220
0	50	4	221	2.12364	100
0	50	8	190	3.51057	40
0	50	16	109	3.70282	13
0	50	32	86	2	4
0	50	64	78	-0	1
0	51	1	374	0.431036	362
0	51	2	276	1.06756	219
0	51	4	221	2.09897	101
0	51	8	186	3.47669	42
0	51	16	109	3.75	14
0	51	32	87	2	4
0	51	64	79	-0	1
0	52	1	377	0.441632	375
0	52	2	275	1.08243	219
0	52	4	220	2.18406	106
0	52	8	179	3.43819	42
0	52	16	108	3.75	14
0	52	32	87	2	4
0	52	64	78	-0	1
0	53	1	365	0.417746	346
0	53	2	270	1.03695	213
0	53	4	217	2.12852	107
0	53	8	184	3.50589	43
0	53	16	110	3.625	14
0	53	32	85	2	4
0	53	64	79	-0	1
0	54	1	357	0.430213	361
0	54	2	275	1.07275	218
0	54	4	218	2.14964	107
0	54	8	190	3.54333	42
0	54	16	107	3.45282	14
0	54	32	86	2	4
0	54	64	79	-0	1
0	55	1	355	0.391176	315
0	55	2	267	0.996589	206
0	55	4	207	2.04448	103
0	55	8	178	3.29214	41
0	55	16	108	3.875	14
0	55	32	86	1.5	4
0	55	64	79	-0	1
0	56	1	349	0.410995	338
0	56	2	268	1.02306	202
0	56	4	220	2.04161	96
0	56	8	184	3.33487	40
0	56	16	109	3.75	14
0	56	32	87	2	4
0	56	64	79	-0	1
0	57	1	344	0.386784	310
0	57	2	260	0.965761	189
0	57	4	212	1.93088	91
0	57	8	187	3.34355	39
0	57	16	108	3.625	14
0	57	32	87	2	4
0	57	64	79	-0	1
0	58	1	336	0.381474	304
0	58	2	256	0.953222	186
0	58	4	215	1.91159	87
0	58	8	182	3.18551	38
0	58	16	107	3.625	14
0	58	32	87	2	4
0	58	64	79	-0	1
0	59	1	330	0.377013	299
0	59	2	261	0.942514	182
0	59	4	205	1.88383	89
0	59	8	178	3.08475	38
0	59	16	110	3.57782	13
0	59	32	87	2	4
0	59	64	79	-0	1
0	60	1	339	0.372522	294
0	60	2	254	0.940145	186
0	60	4	215	1.88882	89
0	60	8	180	3.21328	38
0	60	16	109	3.75	14
0	60	32	87	2	4
0	60	64	79	-0	1
0	61	1	343	0.375221	297
0	61	2	257	0.939128	185
0	61	4	215	1.89343	89
0	61	8	180	3.3066	40
0	61	16	107	3.625	14
0	61	32	87	2	4
0	61	64	79	-0	1
0	62	1	338	0.369811	291
0	62	2	255	0.920103	181
0	62	4	211	1.88067	88
0	62	8	184	3.2659	38
0	62	16	110	3.625	14
0	62	32	85	1.5	4
0	62	64	79	-0	1
0	63	1	346	0.375221	297
0	63	2	261	0.930872	179
0	63	4	212	1.91522	89
0	63	8	184	3.32672	39
0	63	16	107	3.75	14
0	63	32	86	2	4
0	63	64	79	-0	1
0	64	1	331	0.357005	277
0	64	2	254	0.90621	178
0	64	4	204	1.8321	86
0	64	8	179	3.09519	37
0	64	16	108	3.25	14
0	64	32	86	2	4
0	64	64	79	-0	1
0	65	1	332	0.370716	292
0	65	2	256	0.913291	172
0	65	4	210	1.80934	82
0	65	8	179	3.19382	38
0	65	16	109	3.625	14
0	65	32	84	1.5	4
0	65	64	79	-0	1
0	66	1	337	0.377908	300
0	66	2	258	0.94198	185
0	66	4	212	1.87874	86
0	66	8	176	3.05436	37
0	66	16	109	3.625	14
0	66	32	84	2	4
0	66	64	79	-0	1
0	67	1	341	0.408445	335
0	67	2	262	0.985246	189
0	67	4	222	1.95273	87
0	67	8	191	3.44718	39
0	67	16	107	3.625	14
0	67	32	86	2	4
0	67	64	79	-0	1
0	68	1	336	0.364355	285
0	68	2	257	0.922949	179
0	68	4	207	1.81632	86
0	68	8	179	3.22507	38
0	68	16	110	3.5	14
0	68	32	86	2	4
0	68	64	79	-0	1
0	69	1	326	0.364355	285
0	69	2	263	0.906586	170
0	69	4	209	1.79731	81
0	69	8	180	3.17096	40
0	69	16	108	3.625	14
0	69	32	87	2	4
0	69	64	79	-0	1
0	70	1	314	0.327677	246
0	70	2	249	0.844286	165
0	70	4	200	1.7322	81
0	70	8	170	3.08176	39
0	70	16	109	3.625	14
0	70	32	87	1.5	4
0	70	64	78	-0	1
0	71	1	308	0.324764	243
0	71	2	245	0.825797	156
0	71	4	201	1.68368	77
0	71	8	177	3.13468	39
0	71	16	106	3.625	14
0	71	32	87	2	4
0	71	64	78	-0	1
0	72	1	305	0.32379	242
0	72	2	248	0.813177	150
0	72	4	206	1.62418	71
0	72	8	174	3.05694	37
0	72	16	109	3.625	14
0	72	32	87	2	4
0	72	64	78	-0	1
0	73	1	309	0.314952	233
0	73	2	244	0.804217	148
0	73	4	198	1.65523	77
0	73	8	172	3.03031	38
0	73	16	109	3.45282	14
0	73	32	87	1.5	4
0	73	64	78	-0	1
0	74	1	291	0.318896	237
0	74	2	240	0.795008	144
0	74	4	198	1.62856	74
0	74	8	174	2.99952	37
0	74	16	108	3.32782	14
0	74	32	88	2	4
0	74	64	78	-0	1
0	75	1	311	0.318896	237
0	75	2	245	0.820456	155
0	75	4	201	1.66111	75
0	75	8	178	2.9986	36
0	75	16	109	3.75	14
0	75	32	86	2	4
0	75	64	78	-0	1
0	76	1	306	0.316927	235
0	76	2	239	0.793779	148
0	76	4	204	1.6458	74
0	76	8	169	2.93179	35
0	76	16	109	3.5	14
0	76	32	87	2	4
0	76	64	78	-0	1
0	77	1	302	0.320858	239
0	77	2	237	0.790924	146
0	77	4	202	1.65463	73
0	77	8	178	2.94189	33
0	77	16	107	3.625	14
0	77	32	86	2	4
0	77	64	78	-0	1
0	78	1	297	0.315941	234
0	78	2	238	0.804468	151
0	78	4	199	1.65157	75
0	78	8	165	2.86733	34
0	78	16	107	3.625	14
0	78	32	87	1.5	4
0	78	64	78	-0	1
0	79	1	303	0.311978	230
0	79	2	239	0.786218	147
0	79	4	202	1.59186	69
0	79	8	173	2.77602	33
0	79	16	104	3.625	14
0	79	32	86	2	4
0	79	64	78	-0	1
0	80	1	303	0.324764	243
0	80	2	244	0.808946	148
0	80	4	207	1.64236	70
0	80	8	176	2.85337	32
0	80	16	108	3.45282	14
0	80	32	87	2	4
0	80	64	78	-0	1
0	81	1	305	0.319878	238
0	81	2	246	0.80296	147
0	81	4	202	1.63104	71
0	81	8	177	2.97287	34
0	81	16	105	3.32782	14
0	81	32	86	1.5	4
0	81	64	78	-0	1
0	82	1	304	0.347695	267
0	82	2	248	0.846521	154
0	82	4	206	1.67681	73
0	82	8	178	2.98921	34
0	82	16	109	3.5	14
0	82	32	87	2	4
0	82	64	79	-0	1
0	83	1	323	0.345816	265
0	83	2	250	0.86114	162
0	83	4	213	1.75146	79
0	83	8	177	3.05434	36
0	83	16	108	3.32782	14
0	83	32	87	2	4
0	83	64	79	-0	1
0	84	1	316	0.367997	289
0	84	2	253	0.907077	171
0	84	4	212	1.78906	81
0	84	8	178	3.12866	37
0	84	16	106	3.75	14
0	84	32	87	2	4
0	84	64	79	-0	1
0	85	1	317	0.361609	282
0	85	2	251	0.901089	177
0	85	4	205	1.77195	84
0	85	8	183	3.31996	39
0	85	16	106	3.75	14
0	85	32	87	2	4
0	85	64	79	-0	1
0	86	1	335	0.395538	320
0	86	2	262	0.981169	191
0	86	4	215	1.93564	88
0	86	8	179	3.19116	37
0	86	16	108	3.45282	14
0	86	32	87	2	4
0	86	64	79	-0	1
0	87	1	343	0.417746	346
0	87	2	259	1.02209	204
0	87	4	213	2.00779	93
0	87	8	182	3.25476	38
0	87	16	108	3.75	14
0	87	32	86	2	4
0	87	64	79	-0	1
0	88	1	338	0.408445	335
0	88	2	258	1.01331	199
0	88	4	225	2.01182	93
0	88	8	186	3.35187	39
0	88	16	108	3.875	14
0	88	32	87	2	4
0	88	64	79	-0	1
0	89	1	334	0.371619	293
0	89	2	259	0.934701	180
0	89	4	206	1.8464	87
0	89	8	182	3.24476	39
0	89	16	109	3.375	14
0	89	32	84	2	4
0	89	64	79	-0	1
0	90	1	320	0.363441	284
0	90	2	260	0.915584	179
0	90	4	206	1.80509	86
0	90	8	176	3.02659	37
0	90	16	109	3.5	14
0	90	32	86	2	4
0	90	64	79	-0	1
0	91	1	332	0.382362	305
0	91	2	262	0.955994	186
0	91	4	213	1.88229	86
0	91	8	182	3.1656	37
0	91	16	107	3.75	14
0	91	32	87	2	4
0	91	64	79	-0	1
0	92	1	336	0.388545	312
0	92	2	258	0.963753	185
0	92	4	211	1.88501	86
0	92	8	177	3.11076	37
0	92	16	109	3.45282	14
0	92	32	85	2	4
0	92	64	79	-0	1
0	93	1	338	0.378801	301
0	93	2	264	0.947108	192
0	93	4	212	1.88666	87
0	93	8	178	3.14468	38
0	93	16	108	3.375	14
0	93	32	86	2	4
0	93	64	79	-0	1
0	94	1	330	0.392051	316
0	94	2	259	0.964196	187
0	94	4	214	1.84935	81
0	94	8	186	3.28294	37
0	94	16	108	3.625	14
0	94	32	86	2	4
0	94	64	79	-0	1
0	95	1	339	0.385902	309
0	95	2	259	0.950839	183
0	95	4	213	1.88402	84
0	95	8	187	3.22019	37
0	95	16	107	3.57782	13
0	95	32	86	2	4
0	95	64	79	-0	1
0	96	1	338	0.400732	326
0	96	2	257	0.969239	186
0	96	4	214	1.89213	85
0	96	8	188	3.2399	37
0	96	16	109	3.57782	13
0	96	32	85	2	4
0	96	64	79	-0	1
0	97	1	342	0.415223	343
0	97	2	260	1.00709	195
0	97	4	219	1.97123	90
0	97	8	186	3.3617	39
0	97	16	106	3.70282	13
0	97	32	86	2	4
0	97	64	79	-0	1
0	98	1	346	0.41269	340
0	98	2	265	1.01869	199
0	98	4	222	2.01386	92
0	98	8	182	3.18	36
0	98	16	108	3.70282	13
0	98	32	86	2	4
0	98	64	79	-0	1
0	99	1	338	0.393797	318
0	99	2	261	0.957841	186
0	99	4	210	1.92727	89
0	99	8	186	3.19789	36
0	99	16	108	3.45282	13
0	99	32	87	2	4
0	99	64	79	-0	1
0	100	1	347	0.405885	332
0	100	2	260	0.979094	185
0	100	4	212	1.92488	88
0	100	8	180	3.13851	36
0	100	16	111	3.75	14
0	100	32	86	2	4
0	100	64	79	-0	1
0	101	1	344	0.394668	319
0	101	2	261	0.976597	190
0	101	4	216	1.97487	92
0	101	8	185	3.24756	37
0	101	16	109	3.75	14
0	101	32	87	2	4
0	101	64	79	-0	1
0	102	1	337	0.384135	307
0	102	2	257	0.95341	183
0	102	4	209	1.8816	86
0	102	8	178	3.14045	37
0	102	16	108	3.625	14
0	102	32	87	2	4
0	102	64	79	-0	1
0	103	1	340	0.3903	314
0	103	2	260	0.956582	182
0	103	4	212	1.83216	82
0	103	8	186	3.14858	35
0	103	16	107	3.75	14
0	103	32	87	2	4
0	103	64	79	-0	1
0	104	1	339	0.395538	320
0	104	2	256	0.976849	188
0	104	4	209	1.84325	81
0	104	8	185	2.95782	33
0	104	16	111	3.70282	13
0	104	32	85	2	4
0	104	64	79	-0	1
0	105	1	332	0.381474	304
0	105	2	260	0.93113	178
0	105	4	206	1.8259	82
0	105	8	182	3.10918	36
0	105	16	105	3.70282	13
0	105	32	87	2	4
0	105	64	79	-0	1
0	106	1	335	0.380584	303
0	106	2	257	0.947001	180
0	106	4	201	1.77524	79
0	106	8	182	3.07171	35
0	106	16	108	3.57782	13
0	106	32	86	1.5	4
0	106	64	79	-0	1
0	107	1	336	0.367089	288
0	107	2	255	0.912601	175
0	107	4	204	1.7719	80
0	107	8	178	3.06266	36
0	107	16	106	3.57782	13
0	107	32	87	2	4
0	107	64	79	-0	1
0	108	1	331	0.370716	292
0	108	2	260	0.917372	176
0	108	4	212	1.80226	81
0	108	8	177	3.09235	36
0	108	16	106	3.45282	13
0	108	32	87	2	4
0	108	64	79	-0	1
0	109	1	329	0.350502	270
0	109	2	255	0.877315	166
0	109	4	202	1.72467	78
0	109	8	176	2.91839	34
0	109	16	107	3.375	12
0	109	32	86	2	4
0	109	64	79	-0	1
0	110	1	331	0.377013	299
0	110	2	251	0.909551	167
0	110	4	211	1.75062	74
0	110	8	172	2.88326	34
0	110	16	108	3.20282	12
0	110	32	86	2	4
0	110	64	79	-0	1
0	111	1	325	0.353297	273
0	111	2	252	0.886373	168
0	111	4	207	1.72349	76
0	111	8	181	3.18156	36
0	111	16	108	3.20282	12
0	111	32	85	2	4
0	111	64	79	-0	1
0	112	1	319	0.347695	267
0	112	2	254	0.86301	158
0	112	4	203	1.67446	72
0	112	8	177	2.99646	34
0	112	16	105	3.375	12
0	112	32	86	2	4
0	112	64	79	-0	1
0	113	1	320	0.352367	272
0	113	2	247	0.884918	167
0	113	4	198	1.69253	74
0	113	8	176	2.98921	34
0	113	16	106	3.25	12
0	113	32	86	2	4
0	113	64	79	-0	1
0	114	1	323	0.35885	279
0	114	2	250	0.876304	160
0	114	4	204	1.65996	71
0	114	8	172	2.73704	31
0	114	16	108	3.25	12
0	114	32	86	2	4
0	114	64	79	-0	1
0	115	1	317	0.336336	255
0	115	2	248	0.843183	157
0	115	4	202	1.70557	75
0	115	8	178	2.86342	33
0	115	16	106	3.375	12
0	115	32	86	2	4
0	115	64	77	-0	1
0	116	1	311	0.343931	263
0	116	2	251	0.852926	157
0	116	4	210	1.64621	70
0	116	8	176	2.78709	31
0	116	16	106	3.5	12
0	116	32	86	2	4
0	116	64	79	-0	1
0	117	1	319	0.336336	255
0	117	2	238	0.84282	158
0	117	4	210	1.69638	76
0	117	8	172	2.70634	32
0	117	16	106	3.20282	12
0	117	32	87	2	4
0	117	64	77	-0	1
0	118	1	305	0.333463	252
0	118	2	243	0.83144	152
0	118	4	200	1.66566	75
0	118	8	168	2.65095	31
0	118	16	104	3.375	12
0	118	32	86	2	4
0	118	64	77	-0	1
0	119	1	309	0.329612	248
0	119	2	244	0.816368	149
0	119	4	205	1.70153	77
0	119	8	164	2.72728	33
0	119	16	106	3.20282	12
0	119	32	86	2	4
0	119	64	78	-0	1
0	120	1	320	0.348632	268
0	120	2	244	0.87846	165
0	120	4	200	1.75397	79
0	120	8	177	2.85181	32
0	120	16	103	3.25	12
0	120	32	86	2	4
0	120	64	79	-0	1
0	121	1	321	0.359771	280
0	121	2	251	0.885384	166
0	121	4	202	1.77348	79
0	121	8	184	2.9882	32
0	121	16	107	3.25	12
0	121	32	86	2	4
0	121	64	79	-0	1
0	122	1	331	0.357005	277
0	122	2	253	0.868534	159
0	122	4	209	1.77157	78
0	122	8	187	3.07686	34
0	122	16	109	3.25	12
0	122	32	86	2	4
0	122	64	79	-0	1
0	123	1	313	0.350502	270
0	123	2	251	0.853767	155
0	123	4	209	1.8091	82
0	123	8	182	3.05896	34
0	123	16	109	3.375	12
0	123	32	86	2	4
0	123	64	79	-0	1
0	124	1	318	0.349568	269
0	124	2	251	0.838939	148
0	124	4	210	1.77547	80
0	124	8	181	2.99063	33
0	124	16	107	3.5	12
0	124	32	87	2	4
0	124	64	79	-0	1
0	125	1	310	0.324764	243
0	125	2	245	0.80066	146
0	125	4	195	1.6949	79
0	125	8	174	2.87086	32
0	125	16	109	3.20282	12
0	125	32	87	2	4
0	125	64	78	-0	1
0	126	1	296	0.339195	258
0	126	2	244	0.833964	151
0	126	4	201	1.67774	74
0	126	8	178	2.95938	33
0	126	16	107	3.125	12
0	126	32	86	2	4
0	126	64	78	-0	1
0	127	1	307	0.327677	246
0	127	2	248	0.840381	158
0	127	4	200	1.68802	76
0	127	8	170	2.9324	34
0	127	16	106	3.375	12
0	127	32	86	2	4
0	127	64	78	-0	1
0	128	1	304	0.315941	234
0	128	2	236	0.804877	152
0	128	4	197	1.69053	78
0	128	8	178	2.96148	35
0	128	16	105	3.45282	13
0	128	32	86	2	4
0	128	64	78	-0	1
0	129	1	320	0.351435	271
0	129	2	250	0.867337	160
0	129	4	209	1.75575	77
0	129	8	184	3.07076	34
0	129	16	108	3.57782	13
0	129	32	86	2	4
0	129	64	79	-0	1
0	130	1	321	0.344874	264
0	130	2	249	0.868963	167
0	130	4	201	1.79087	84
0	130	8	173	2.93335	35
0	130	16	108	3.57782	13
0	130	32	86	2	4
0	130	64	79	-0	1
0	131	1	321	0.354226	274
0	131	2	248	0.852602	155
0	131	4	212	1.76741	79
0	131	8	182	3.07686	34
0	131	16	107	3.25	12
0	131	32	86	2	4
0	131	64	79	-0	1
0	132	1	334	0.367089	288
0	132	2	257	0.906183	171
0	132	4	215	1.78916	79
0	132	8	186	3.2246	36
0	132	16	111	3.5	12
0	132	32	86	2	4
0	132	64	79	-0	1
0	133	1	330	0.365267	286
0	133	2	257	0.913739	174
0	133	4	208	1.79366	81
0	133	8	190	3.31419	37
0	133	16	108	3.5	12
0	133	32	86	2	4
0	133	64	79	-0	1
0	134	1	325	0.359771	280
0	134	2	258	0.880731	164
0	134	4	211	1.8441	85
0	134	8	186	3.22397	37
0	134	16	109	3.5	12
0	134	32	86	2	4
0	134	64	79	-0	1
0	135	1	331	0.365267	286
0	135	2	260	0.897184	170
0	135	4	206	1.80915	84
0	135	8	180	3.11475	35
0	135	16	107	3.375	12
0	135	32	86	2	4
0	135	64	79	-0	1
0	136	1	329	0.373423	295
0	136	2	256	0.899903	167
0	136	4	208	1.79651	81
0	136	8	181	2.98297	33
0	136	16	108	3.25	12
0	136	32	86	2	4
0	136	64	79	-0	1
0	137	1	327	0.370716	292
0	137	2	264	0.896962	171
0	137	4	216	1.81352	80
0	137	8	178	3.03951	34
0	137	16	105	3.375	12
0	137	32	86	2	4
0	137	64	79	-0	1
0	138	1	333	0.371619	293
0	138	2	258	0.905333	171
0	138	4	220	1.80677	80
0	138	8	178	3.11475	35
0	138	16	107	3.375	12
0	138	32	85	2	4
0	138	64	79	-0	1
0	139	1	331	0.367997	289
0	139	2	254	0.903803	168
0	139	4	218	1.81784	81
0	139	8	178	3.1114	36
0	139	16	108	3.5	12
0	139	32	86	2	4
0	139	64	79	-0	1
0	140	1	338	0.359771	280
0	140	2	256	0.893742	171
0	140	4	210	1.83582	85
0	140	8	186	3.18766	36
0	140	16	108	3.5	12
0	140	32	86	2	4
0	140	64	79	-0	1
0	141	1	316	0.357005	277
0	141	2	261	0.885757	165
0	141	4	205	1.82203	85
0	141	8	174	2.99741	35
0	141	16	107	3.375	12
0	141	32	85	2	4
0	141	64	79	-0	1
0	142	1	327	0.350502	270
0	142	2	249	0.853092	163
0	142	4	205	1.74741	81
0	142	8	185	3.03978	33
0	142	16	106	3.375	12
0	142	32	86	2	4
0	142	64	79	-0	1
0	143	1	344	0.368905	290
0	143	2	255	0.896285	169
0	143	4	200	1.80134	84
0	143	8	185	3.04547	33
0	143	16	109	3.5	12
0	143	32	86	2	4
0	143	64	79	-0	1
0	144	1	348	0.387665	311
0	144	2	261	0.948318	181
0	144	4	213	1.88842	86
0	144	8	193	3.19576	34
0	144	16	109	3.57782	13
0	144	32	85	2	4
0	144	64	79	-0	1
0	145	1	341	0.397274	322
0	145	2	262	0.975346	191
0	145	4	209	1.89474	86
0	145	8	187	3.19515	35
0	145	16	109	3.70282	13
0	145	32	85	2	4
0	145	64	79	-0	1
0	146	1	353	0.420259	349
0	146	2	259	1.01235	195
0	146	4	214	1.92144	85
0	146	8	186	3.25585	36
0	146	16	111	3.70282	13
0	146	32	84	2	4
0	146	64	79	-0	1
0	147	1	343	0.401594	327
0	147	2	264	0.995414	198
0	147	4	212	1.8971	86
0	147	8	174	3.1621	36
0	147	16	109	3.5	12
0	147	32	85	2	4
0	147	64	79	-0	1
0	148	1	355	0.424426	354
0	148	2	267	1.02568	204
0	148	4	219	1.99919	90
0	148	8	189	3.42616	39
0	148	16	107	3.57782	13
0	148	32	85	2	4
0	148	64	79	-0	1
0	149	1	355	0.419423	348
0	149	2	264	1.01303	200
0	149	4	223	1.97772	88
0	149	8	192	3.40491	38
0	149	16	110	3.5	12
0	149	32	85	2	4
0	149	64	79	-0	1
0	150	1	365	0.420259	349
0	150	2	269	1.0409	208
0	150	4	222	2.0433	94
0	150	8	194	3.43006	38
0	150	16	109	3.375	12
0	150	32	85	2	4
0	150	64	79	-0	1
0	151	1	353	0.427739	358
0	151	2	271	1.01945	200
0	151	4	221	2.0433	95
0	151	8	182	3.28715	39
0	151	16	109	3.5	12
0	151	32	84	2	4
0	151	64	79	-0	1
0	152	1	369	0.435132	367
0	152	2	274	1.05789	212
0	152	4	225	2.14711	103
0	152	8	183	3.44388	42
0	152	16	108	3.57782	13
0	152	32	85	2	4
0	152	64	79	-0	1
0	153	1	363	0.425256	355
0	153	2	273	1.04358	204
0	153	4	221	2.15136	105
0	153	8	182	3.42857	41
0	153	16	109	3.40564	13
0	153	32	85	2	4
0	153	64	79	-0	1
0	154	1	358	0.411843	339
0	154	2	272	1.01217	198
0	154	4	215	2.11186	102
0	154	8	180	3.33811	39
0	154	16	111	3.45282	13
0	154	32	85	1.5	4
0	154	64	79	-0	1
0	155	1	356	0.411843	339
0	155	2	272	1.01629	199
0	155	4	215	2.04504	99
0	155	8	177	3.23316	41
0	155	16	109	3.45282	13
0	155	32	86	2	4
0	155	64	79	-0	1
0	156	1	360	0.419423	348
0	156	2	269	1.00698	196
0	156	4	213	2.05394	100
0	156	8	175	3.35116	41
0	156	16	109	3.45282	13
0	156	32	85	1.5	4
0	156	64	79	-0	1
0	157	1	367	0.440013	373
0	157	2	280	1.07186	210
0	157	4	224	2.11904	100
0	157	8	191	3.45065	40
0	157	16	110	3.57782	13
0	157	32	86	2	4
0	157	64	78	-0	1
0	158	1	363	0.424426	354
0	158	2	276	1.03313	203
0	158	4	220	2.07162	99
0	158	8	186	3.41174	40
0	158	16	109	3.70282	13
0	158	32	86	2	4
0	158	64	79	-0	1
0	159	1	363	0.417746	346
0	159	2	279	1.02131	199
0	159	4	213	2.06636	100
0	159	8	178	3.35841	41
0	159	16	110	3.45282	13
0	159	32	84	2	4
0	159	64	79	-0	1
0	160	1	365	0.432677	364
0	160	2	275	1.05907	210
0	160	4	221	2.0968	99
0	160	8	190	3.48951	41
0	160	16	109	3.70282	13
0	160	32	86	2	4
0	160	64	79	-0	1
0	161	1	368	0.439202	372
0	161	2	278	1.05043	209
0	161	4	224	2.1426	104
0	161	8	194	3.58326	41
0	161	16	108	3.70282	13
0	161	32	85	2	4
0	161	64	78	-0	1
0	162	1	364	0.424426	354
0	162	2	278	1.04451	211
0	162	4	221	2.15806	109
0	162	8	187	3.41522	41
0	162	16	110	3.70282	13
0	162	32	86	2	4
0	162	64	79	-0	1
0	163	1	362	0.411843	339
0	163	2	274	1.02057	199
0	163	4	223	2.08032	99
0	163	8	184	3.40916	40
0	163	16	108	3.70282	13
0	163	32	86	2	4
0	163	64	79	-0	1
0	164	1	349	0.408445	335
0	164	2	275	1.00688	198
0	164	4	220	2.04127	96
0	164	8	190	3.39468	38
0	164	16	109	3.45282	13
0	164	32	85	2	4
0	164	64	79	-0	1
0	165	1	346	0.392924	317
0	165	2	267	0.95819	190
0	165	4	212	1.97663	97
0	165	8	178	3.18395	38
0	165	16	109	3.45282	13
0	165	32	86	2	4
0	165	64	79	-0	1
0	166	1	352	0.403314	329
0	166	2	264	0.974989	192
0	166	4	210	1.99172	96
0	166	8	178	3.25436	38
0	166	16	109	3.57782	13
0	166	32	85	2	4
0	166	64	79	-0	1
0	167	1	359	0.416065	344
0	167	2	270	1.00114	194
0	167	4	214	2.01549	96
0	167	8	190	3.3085	37
0	167	16	109	3.70282	13
0	167	32	84	1.5	4
0	167	64	79	-0	1
0	168	1	358	0.417746	346
0	168	2	276	1.04019	207
0	168	4	213	2.05986	99
0	168	8	190	3.4124	39
0	168	16	108	3.32782	13
0	168	32	86	2	4
0	168	64	79	-0	1
0	169	1	363	0.402454	328
0	169	2	270	1.00137	197
0	169	4	216	2.01122	95
0	169	8	189	3.2307	36
0	169	16	108	3.70282	13
0	169	32	84	2	4
0	169	64	79	-0	1
0	170	1	350	0.405885	332
0	170	2	271	0.999963	200
0	170	4	222	2.0201	96
0	170	8	190	3.25429	36
0	170	16	108	3.57782	13
0	170	32	87	2	4
0	170	64	79	-0	1
0	171	1	356	0.415223	343
0	171	2	271	1.01108	204
0	171	4	214	2.02325	96
0	171	8	183	3.21475	37
0	171	16	109	3.57782	13
0	171	32	85	2	4
0	171	64	79	-0	1
0	172	1	365	0.437577	370
0	172	2	278	1.04759	206
0	172	4	229	2.09215	96
0	172	8	192	3.35724	37
0	172	16	109	3.32782	13
0	172	32	86	2	4
0	172	64	78	-0	1
0	173	1	364	0.41269	340
0	173	2	278	1.02542	205
0	173	4	224	2.04306	96
0	173	8	190	3.4701	40
0	173	16	107	3.32782	13
0	173	32	86	2	4
0	173	64	79	-0	1
0	174	1	360	0.404172	330
0	174	2	278	1.01439	203
0	174	4	213	1.98451	94
0	174	8	186	3.37546	39
0	174	16	110	3.70282	13
0	174	32	86	2	4
0	174	64	79	-0	1
0	175	1	353	0.405885	332
0	175	2	270	0.998601	197
0	175	4	220	2.04105	97
0	175	8	184	3.38966	41
0	175	16	107	3.45282	13
0	175	32	85	2	4
0	175	64	79	-0	1
0	176	1	350	0.388545	312
0	176	2	271	0.980679	193
0	176	4	217	2.02692	100
0	176	8	183	3.38241	41
0	176	16	109	3.70282	13
0	176	32	85	2	4
0	176	64	79	-0	1
0	177	1	337	0.378801	301
0	177	2	266	0.928191	178
0	177	4	210	1.92783	92
0	177	8	182	3.30116	39
0	177	16	108	3.70282	13
0	177	32	86	2	4
0	177	64	79	-0	1
0	178	1	347	0.401594	327
0	178	2	263	0.995157	193
0	178	4	213	2.0036	93
0	178	8	180	3.36612	40
0	178	16	109	3.70282	13
0	178	32	86	1.5	4
0	178	64	79	-0	1
0	179	1	334	0.374322	296
0	179	2	264	0.927932	184
0	179	4	212	1.9513	94
0	179	8	180	3.32147	41
0	179	16	109	3.45282	13
0	179	32	85	2	4
0	179	64	79	-0	1
0	180	1	334	0.391176	315
0	180	2	268	0.955991	183
0	180	4	212	1.93792	90
0	180	8	190	3.38881	39
0	180	16	108	3.45282	13
0	180	32	85	2	4
0	180	64	79	-0	1
0	181	1	329	0.368905	290
0	181	2	263	0.921914	184
0	181	4	205	1.87228	89
0	181	8	183	3.31452	39
0	181	16	103	3.57782	13
0	181	32	85	2	4
0	181	64	79	-0	1
0	182	1	338	0.385902	309
0	182	2	263	0.966291	188
0	182	4	209	1.92616	90
0	182	8	184	3.32475	39
0	182	16	109	3.57782	13
0	182	32	84	2	4
0	182	64	79	-0	1
0	183	1	334	0.377908	300
0	183	2	270	0.940729	191
0	183	4	202	1.86031	91
0	183	8	177	3.2826	40
0	183	16	108	3.57782	13
0	183	32	86	2	4
0	183	64	79	-0	1
0	184	1	336	0.404172	330
0	184	2	266	0.983309	188
0	184	4	215	1.97489	91
0	184	8	188	3.40916	40
0	184	16	110	3.45282	13
0	184	32	87	2	4
0	184	64	79	-0	1
0	185	1	326	0.345816	265
0	185	2	257	0.872161	168
0	185	4	206	1.74689	82
0	185	8	175	3.1248	39
0	185	16	107	3.70282	13
0	185	32	85	2	4
0	185	64	79	-0	1
0	186	1	311	0.343931	263
0	186	2	249	0.854385	159
0	186	4	208	1.72815	79
0	186	8	175	3.0271	35
0	186	16	108	3.45282	13
0	186	32	86	2	4
0	186	64	79	-0	1
0	187	1	322	0.348632	268
0	187	2	252	0.863093	167
0	187	4	202	1.73146	83
0	187	8	176	3.08909	37
0	187	16	107	3.40564	13
0	187	32	87	2	4
0	187	64	79	-0	1
0	188	1	327	0.350502	270
0	188	2	248	0.866885	166
0	188	4	208	1.74652	78
0	188	8	178	3.11906	36
0	188	16	109	3.70282	13
0	188	32	86	2	4
0	188	64	79	-0	1
0	189	1	320	0.361609	282
0	189	2	250	0.890173	171
0	189	4	209	1.78439	81
0	189	8	183	3.24296	38
0	189	16	107	3.28064	13
0	189	32	86	2	4
0	189	64	79	-0	1
0	190	1	332	0.383249	306
0	190	2	253	0.935961	181
0	190	4	214	1.8776	84
0	190	8	176	3.15491	38
0	190	16	107	3.10846	13
0	190	32	87	2	4
0	190	64	79	-0	1
0	191	1	320	0.355154	275
0	191	2	255	0.900261	180
0	191	4	205	1.8507	88
0	191	8	173	3.14491	39
0	191	16	110	3.28064	13
0	191	32	86	2	4
0	191	64	79	-0	1
0	192	1	313	0.353297	273
0	192	2	251	0.877898	166
0	192	4	207	1.7769	81
0	192	8	173	2.98809	37
0	192	16	106	3.32782	13
0	192	32	87	2	4
0	192	64	79	-0	1
0	193	1	313	0.321837	240
0	193	2	248	0.814753	156
0	193	4	200	1.6967	81
0	193	8	176	3.13288	38
0	193	16	107	3.32782	13
0	193	32	84	1.5	4
0	193	64	78	-0	1
0	194	1	302	0.322814	241
0	194	2	237	0.806844	151
0	194	4	196	1.60879	73
0	194	8	168	2.9807	36
0	194	16	109	3.28064	13
0	194	32	86	2	4
0	194	64	78	-0	1
0	195	1	311	0.333463	252
0	195	2	246	0.820437	149
0	195	4	203	1.67629	74
0	195	8	174	2.93905	35
0	195	16	106	3.57782	13
0	195	32	86	2	4
0	195	64	77	-0	1
0	196	1	308	0.320858	239
0	196	2	245	0.785733	147
0	196	4	203	1.65562	74
0	196	8	175	2.9703	35
0	196	16	107	3.32782	13
0	196	32	85	2	4
0	196	64	78	-0	1
0	197	1	306	0.340145	259
0	197	2	248	0.842188	156
0	197	4	206	1.73754	77
0	197	8	181	3.03943	36
0	197	16	106	3.15564	13
0	197	32	86	2	4
0	197	64	79	-0	1
0	198	1	320	0.336336	255
0	198	2	248	0.856624	167
0	198	4	204	1.74627	80
0	198	8	177	3.01195	36
0	198	16	107	3.45282	13
0	198	32	85	2	4
0	198	64	77	-0	1
0	199	1	312	0.347695	267
0	199	2	257	0.858514	162
0	199	4	202	1.76436	81
0	199	8	178	3.05784	37
0	199	16	108	3.32782	13
0	199	32	85	2	4
0	199	64	79	-0	1
0	200	1	323	0.349568	269
0	200	2	250	0.866362	163
0	200	4	207	1.7696	81
0	200	8	173	3.06303	37
0	200	16	106	3.45282	13
0	200	32	86	2	4
0	200	64	79	-0	1
0	201	1	310	0.339195	258
0	201	2	247	0.835691	157
0	201	4	207	1.74367	80
0	201	8	179	3.02944	36
0	201	16	105	3.32782	13
0	201	32	86	1.5	4
0	201	64	78	-0	1
0	202	1	312	0.335379	254
0	202	2	243	0.828506	154
0	202	4	200	1.69571	76
0	202	8	179	3.03554	36
0	202	16	107	3.40564	13
0	202	32	86	2	4
0	202	64	77	-0	1
0	203	1	303	0.321837	240
0	203	2	244	0.796715	150
0	203	4	202	1.68234	78
0	203	8	176	3.03601	38
0	203	16	107	3.45282	13
0	203	32	86	2	4
0	203	64	78	-0	1
0	204	1	301	0.322814	241
0	204	2	243	0.808908	148
0	204	4	199	1.65079	74
0	204	8	178	3.1656	37
0	204	16	105	3.15564	13
0	204	32	86	2	4
0	204	64	78	-0	1
0	205	1	298	0.308989	227
0	205	2	244	0.781888	145
0	205	4	196	1.65728	78
0	205	8	170	2.91288	37
0	205	16	105	3.07782	13
0	205	32	85	2	4
0	205	64	78	-0	1
0	206	1	295	0.321837	240
0	206	2	242	0.792721	143
0	206	4	208	1.6556	73
0	206	8	179	3.055	36
0	206	16	107	3.45282	13
0	206	32	86	2	4
0	206	64	78	-0	1
0	207	1	298	0.302966	221
0	207	2	237	0.758451	135
0	207	4	198	1.61496	74
0	207	8	172	3.01242	38
0	207	16	108	3.45282	13
0	207	32	86	2	4
0	207	64	78	-0	1
0	208	1	299	0.309987	228
0	208	2	237	0.76182	137
0	208	4	202	1.63723	73
0	208	8	179	3.16711	38
0	208	16	109	3.28064	13
0	208	32	86	2	4
0	208	64	78	-0	1
0	209	1	306	0.316927	235
0	209	2	245	0.789323	144
0	209	4	207	1.65532	74
0	209	8	170	3.00788	38
0	209	16	107	3.45282	13
0	209	32	85	1.5	4
0	209	64	78	-0	1
0	210	1	304	0.310983	229
0	210	2	241	0.774405	139
0	210	4	205	1.61974	72
0	210	8	174	2.96413	37
0	210	16	107	3.28064	13
0	210	32	86	2	4
0	210	64	78	-0	1
0	211	1	291	0.292792	211
0	211	2	238	0.726016	129
0	211	4	192	1.56652	72
0	211	8	171	2.91949	37
0	211	16	106	3.32782	13
0	211	32	86	2	4
0	211	64	78	-0	1
0	212	1	287	0.293818	212
0	212	2	243	0.740239	133
0	212	4	203	1.56964	70
0	212	8	165	2.69359	34
0	212	16	107	3.45282	13
0	212	32	86	2	4
0	212	64	78	-0	1
0	213	1	294	0.30498	223
0	213	2	239	0.761516	139
0	213	4	197	1.55607	69
0	213	8	168	2.80458	35
0	213	16	106	3.32782	13
0	213	32	86	2	4
0	213	64	78	-0	1
0	214	1	301	0.312971	231
0	214	2	241	0.783325	148
0	214	4	196	1.61177	73
0	214	8	171	2.86929	35
0	214	16	105	3.45282	13
0	214	32	86	2	4
0	214	64	78	-0	1
0	215	1	306	0.327677	246
0	215	2	245	0.822272	152
0	215	4	201	1.67627	76
0	215	8	173	2.95711	36
0	215	16	107	3.45282	13
0	215	32	86	2	4
0	215	64	78	-0	1
0	216	1	305	0.319878	238
0	216	2	239	0.780794	141
0	216	4	192	1.67469	77
0	216	8	178	2.91037	34
0	216	16	105	3.57782	13
0	216	32	86	2	4
0	216	64	78	-0	1
0	217	1	308	0.315941	234
0	217	2	243	0.783835	142
0	217	4	199	1.67829	77
0	217	8	172	2.85906	35
0	217	16	108	3.15564	13
0	217	32	86	2	4
0	217	64	78	-0	1
0	218	1	306	0.324764	243
0	218	2	240	0.811924	149
0	218	4	200	1.642	73
0	218	8	173	2.76462	33
0	218	16	105	3.70282	13
0	218	32	86	2	4
0	218	64	78	-0	1
0	219	1	308	0.338243	257
0	219	2	246	0.840828	157
0	219	4	205	1.67243	74
0	219	8	176	2.98874	37
0	219	16	107	3.28064	13
0	219	32	86	2	4
0	219	64	78	-0	1
0	220	1	305	0.334422	253
0	220	2	241	0.825251	154
0	220	4	206	1.68651	75
0	220	8	179	3.13435	37
0	220	16	104	3.57782	13
0	220	32	86	2	4
0	220	64	77	-0	1
0	221	1	310	0.332502	251
0	221	2	241	0.822947	152
0	221	4	207	1.71047	76
0	221	8	172	3.09176	38
0	221	16	107	3.45282	13
0	221	32	86	2	4
0	221	64	78	-0	1
0	222	1	306	0.338243	257
0	222	2	243	0.831774	152
0	222	4	205	1.7122	75
0	222	8	176	3.06069	36
0	222	16	109	3.57782	13
0	222	32	86	2	4
0	222	64	78	-0	1
0	223	1	312	0.332502	251
0	223	2	242	0.823403	156
0	223	4	207	1.72589	78
0	223	8	171	2.95334	36
0	223	16	106	3.28064	13
0	223	32	86	2	4
0	223	64	78	-0	1
0	224	1	306	0.334422	253
0	224	2	241	0.830461	156
0	224	4	199	1.7057	79
0	224	8	174	2.9646	35
0	224	16	108	3.57782	13
0	224	32	86	2	4
0	224	64	77	-0	1
0	225	1	308	0.347695	267
0	225	2	248	0.856869	160
0	225	4	211	1.78253	81
0	225	8	176	3.00585	36
0	225	16	106	3.28064	13
0	225	32	86	2	4
0	225	64	79	-0	1
0	226	1	312	0.367089	288
0	226	2	245	0.895484	169
0	226	4	207	1.7893	80
0	226	8	179	3.06249	35
0	226	16	108	3.45282	13
0	226	32	85	2	4
0	226	64	79	-0	1
0	227	1	313	0.361609	282
0	227	2	249	0.895077	172
0	227	4	210	1.83026	83
0	227	8	179	3.06422	36
0	227	16	106	3.45282	13
0	227	32	85	2	4
0	227	64	79	-0	1
0	228	1	314	0.351435	271
0	228	2	243	0.871515	167
0	228	4	210	1.7883	82
0	228	8	178	2.963	34
0	228	16	107	3.32782	13
0	228	32	86	2	4
0	228	64	79	-0	1
0	229	1	315	0.348632	268
0	229	2	247	0.867391	165
0	229	4	205	1.76009	81
0	229	8	179	3.05225	35
0	229	16	107	3.40564	13
0	229	32	86	2	4
0	229	64	79	-0	1
0	230	1	308	0.353297	273
0	230	2	247	0.865373	160
0	230	4	211	1.74629	77
0	230	8	177	2.924	33
0	230	16	109	3.375	12
0	230	32	86	2	4
0	230	64	79	-0	1
0	231	1	304	0.343931	263
0	231	2	242	0.854796	163
0	231	4	211	1.73756	78
0	231	8	172	2.91037	34
0	231	16	104	3.125	12
0	231	32	86	2	4
0	231	64	79	-0	1
0	232	1	312	0.343931	263
0	232	2	240	0.851869	162
0	232	4	200	1.75646	79
0	232	8	174	2.92827	34
0	232	16	107	3.57782	13
0	232	32	86	2	4
0	232	64	79	-0	1
0	233	1	302	0.327677	246
0	233	2	241	0.830088	162
0	233	4	201	1.72862	80
0	233	8	170	2.89444	35
0	233	16	105	3.57782	13
0	233	32	86	2	4
0	233	64	78	-0	1
0	234	1	306	0.33729	256
0	234	2	242	0.83649	157
0	234	4	204	1.72663	78
0	234	8	178	3.00256	34
0	234	16	107	3.375	12
0	234	32	86	2	4
0	234	64	77	-0	1
0	235	1	302	0.336336	255
0	235	2	242	0.820332	156
0	235	4	209	1.77783	82
0	235	8	177	3.03824	35
0	235	16	106	3.20282	12
0	235	32	86	2	4
0	235	64	77	-0	1
0	236	1	308	0.328645	247
0	236	2	242	0.822589	154
0	236	4	195	1.70042	80
0	236	8	172	2.95186	34
0	236	16	107	3.375	12
0	236	32	86	2	4
0	236	64	78	-0	1
0	237	1	310	0.338243	257
0	237	2	242	0.84012	155
0	237	4	203	1.71065	77
0	237	8	171	2.9005	34
0	237	16	107	3.375	12
0	237	32	86	2	4
0	237	64	78	-0	1
0	238	1	314	0.33729	256
0	238	2	238	0.840665	159
0	238	4	202	1.6968	77
0	238	8	172	2.82103	33
0	238	16	105	3.375	12
0	238	32	86	1.5	4
0	238	64	77	-0	1
0	239	1	309	0.329612	248
0	239	2	243	0.825211	158
0	239	4	205	1.69812	77
0	239	8	172	2.84435	34
0	239	16	107	3	12
0	239	32	86	1.5	4
0	239	64	78	-0	1
0	240	1	308	0.347695	267
0	240	2	250	0.856853	159
0	240	4	205	1.7657	80
0	240	8	180	3.11906	36
0	240	16	107	3.375	12
0	240	32	86	2	4
0	240	64	79	-0	1
0	241	1	314	0.342041	261
0	241	2	249	0.853602	165
0	241	4	204	1.78238	86
0	241	8	177	3.10724	37
0	241	16	107	3.20282	12
0	241	32	85	2	4
0	241	64	79	-0	1
0	242	1	311	0.350502	270
0	242	2	243	0.874087	171
0	242	4	207	1.81962	86
0	242	8	176	3.0611	36
0	242	16	105	3.375	12
0	242	32	85	2	4
0	242	64	79	-0	1
0	243	1	320	0.344874	264
0	243	2	253	0.876047	169
0	243	4	205	1.78801	84
0	243	8	179	2.98209	35
0	243	16	106	3.20282	12
0	243	32	86	2	4
0	243	64	79	-0	1
0	244	1	322	0.370716	292
0	244	2	256	0.917631	174
0	244	4	209	1.82845	82
0	244	8	184	3.05584	34
0	244	16	106	3.5	12
0	244	32	85	2	4
0	244	64	79	-0	1
0	245	1	323	0.349568	269
0	245	2	249	0.873364	170
0	245	4	205	1.80026	84
0	245	8	169	2.9746	36
0	245	16	108	3.20282	12
0	245	32	85	2	4
0	245	64	79	-0	1
0	246	1	317	0.35608	276
0	246	2	246	0.879692	165
0	246	4	209	1.75083	79
0	246	8	178	2.97701	34
0	246	16	108	3.375	12
0	246	32	86	2	4
0	246	64	79	-0	1
0	247	1	314	0.349568	269
0	247	2	247	0.864924	167
0	247	4	206	1.70649	77
0	247	8	174	2.92312	35
0	247	16	108	3.375	12
0	247	32	85	1.5	4
0	247	64	79	-0	1
0	248	1	329	0.370716	292
0	248	2	254	0.929118	179
0	248	4	215	1.81084	80
0	248	8	176	3.00921	35
0	248	16	106	3.57782	13
0	248	32	85	2	4
0	248	64	79	-0	1
0	249	1	325	0.368905	290
0	249	2	249	0.913594	174
0	249	4	215	1.81857	82
0	249	8	178	3.05434	36
0	249	16	106	3.57782	13
0	249	32	85	2	4
0	249	64	79	-0	1
0	250	1	319	0.352367	272
0	250	2	247	0.879549	169
0	250	4	201	1.74685	80
0	250	8	176	3.00921	35
0	250	16	105	3.45282	13
0	250	32	84	2	4
0	250	64	79	-0	1
0	251	1	326	0.369811	291
0	251	2	258	0.913998	172
0	251	4	211	1.84963	86
0	251	8	182	3.12976	38
0	251	16	105	3.75	14
0	251	32	85	2	4
0	251	64	79	-0	1
0	252	1	328	0.357005	277
0	252	2	250	0.891872	175
0	252	4	205	1.80429	84
0	252	8	179	3.13733	37
0	252	16	107	3.75	14
0	252	32	86	2	4
0	252	64	79	-0	1
0	253	1	326	0.369811	291
0	253	2	252	0.907742	172
0	253	4	214	1.80358	81
0	253	8	168	2.86906	36
0	253	16	105	3.57782	13
0	253	32	86	2	4
0	253	64	79	-0	1
0	254	1	324	0.362525	283
0	254	2	255	0.897348	171
0	254	4	206	1.79733	83
0	254	8	174	3.03077	37
0	254	16	107	3.57782	13
0	254	32	86	2	4
0	254	64	79	-0	1
0	255	1	333	0.377013	299
0	255	2	257	0.923871	179
0	255	4	216	1.91097	89
0	255	8	176	3.13132	38
0	255	16	106	3.57782	13
0	255	32	85	2	4
0	255	64	79	-0	1
0	256	1	329	0.366179	287
0	256	2	260	0.917938	179
0	256	4	207	1.86961	87
0	256	8	178	3.10461	38
0	256	16	105	3.45282	13
0	256	32	85	2	4
0	256	64	79	-0	1
0	257	1	330	0.381474	304
0	257	2	265	0.947328	184
0	257	4	213	1.91198	90
0	257	8	179	3.21311	39
0	257	16	108	3.57782	13
0	257	32	85	2	4
0	257	64	79	-0	1
0	258	1	322	0.367089	288
0	258	2	260	0.901021	174
0	258	4	204	1.87807	90
0	258	8	173	3.05546	38
0	258	16	107	3.57782	13
0	258	32	85	2	4
0	258	64	79	-0	1
0	259	1	331	0.371619	293
0	259	2	261	0.922708	182
0	259	4	207	1.89864	91
0	259	8	182	3.2559	39
0	259	16	107	3.70282	13
0	259	32	86	2	4
0	259	64	79	-0	1
0	260	1	340	0.374322	296
0	260	2	258	0.94217	187
0	260	4	210	1.91701	91
0	260	8	176	3.20328	39
0	260	16	106	3.57782	13
0	260	32	86	2	4
0	260	64	79	-0	1
0	261	1	342	0.385902	309
0	261	2	263	0.944287	189
0	261	4	209	1.95031	94
0	261	8	179	3.24878	40
0	261	16	109	3.57782	13
0	261	32	85	2	4
0	261	64	79	-0	1
0	262	1	345	0.391176	315
0	262	2	262	0.961806	189
0	262	4	212	1.95097	92
0	262	8	186	3.29235	39
0	262	16	109	3.57782	13
0	262	32	85	2	4
0	262	64	79	-0	1
0	263	1	341	0.389423	313
0	263	2	265	0.975385	194
0	263	4	203	1.92838	95
0	263	8	183	3.25656	39
0	263	16	108	3.70282	13
0	263	32	86	2	4
0	263	64	79	-0	1
0	264	1	350	0.409296	336
0	264	2	266	1.00968	200
0	264	4	213	1.99605	94
0	264	8	184	3.34354	40
0	264	16	108	3.20282	13
0	264	32	86	2	4
0	264	64	79	-0	1
0	265	1	352	0.397274	322
0	265	2	265	0.975312	198
0	265	4	211	1.9831	96
0	265	8	178	3.30398	41
0	265	16	106	3.70282	13
0	265	32	86	2	4
0	265	64	79	-0	1
0	266	1	359	0.433497	365
0	266	2	270	1.05549	210
0	266	4	228	2.03841	95
0	266	8	187	3.40916	40
0	266	16	110	3.57782	13
0	266	32	87	2	4
0	266	64	79	-0	1
0	267	1	359	0.407593	334
0	267	2	275	1.02866	214
0	267	4	219	2.05587	101
0	267	8	180	3.39318	42
0	267	16	108	3.57782	13
0	267	32	86	2	4
0	267	64	79	-0	1
0	268	1	358	0.420259	349
0	268	2	275	1.04372	211
0	268	4	214	2.06227	100
0	268	8	191	3.45675	40
0	268	16	107	3.57782	13
0	268	32	86	2	4
0	268	64	79	-0	1
0	269	1	360	0.416065	344
0	269	2	273	1.03466	211
0	269	4	220	2.10374	104
0	269	8	184	3.42132	41
0	269	16	106	3.45282	13
0	269	32	86	2	4
0	269	64	79	-0	1
0	270	1	364	0.423595	353
0	270	2	271	1.04598	213
0	270	4	225	2.09974	101
0	270	8	183	3.29919	40
0	270	16	110	3.70282	13
0	270	32	85	2	4
0	270	64	79	-0	1
0	271	1	364	0.421095	350
0	271	2	278	1.03912	212
0	271	4	219	2.10537	102
0	271	8	181	3.3256	41
0	271	16	108	3.57782	13
0	271	32	85	2	4
0	271	64	79	-0	1
0	272	1	358	0.421095	350
0	272	2	272	1.03189	207
0	272	4	216	2.09521	103
0	272	8	187	3.48341	41
0	272	16	110	3.75	14
0	272	32	85	2	4
0	272	64	79	-0	1
0	273	1	349	0.421095	350
0	273	2	278	1.04329	208
0	273	4	221	2.13783	104
0	273	8	182	3.30357	41
0	273	16	109	3.625	14
0	273	32	87	2	4
0	273	64	79	-0	1
0	274	1	360	0.417746	346
0	274	2	270	1.03509	208
0	274	4	213	2.08469	101
0	274	8	186	3.37414	40
0	274	16	109	3.75	14
0	274	32	86	2	4
0	274	64	79	-0	1
0	275	1	358	0.421929	351
0	275	2	276	1.04993	214
0	275	4	214	2.12133	104
0	275	8	191	3.49419	42
0	275	16	111	3.625	14
0	275	32	86	2	4
0	275	64	79	-0	1
0	276	1	361	0.418585	347
0	276	2	271	1.02334	209
0	276	4	216	2.07603	103
0	276	8	178	3.22465	39
0	276	16	109	3.5	14
0	276	32	86	2	4
0	276	64	79	-0	1
0	277	1	349	0.409296	336
0	277	2	270	0.99853	197
0	277	4	211	2.06516	100
0	277	8	180	3.28608	41
0	277	16	110	3.32782	14
0	277	32	85	2	4
0	277	64	79	-0	1
0	278	1	348	0.39814	323
0	278	2	267	0.998937	203
0	278	4	213	2.02742	100
0	278	8	178	3.27646	41
0	278	16	107	3.75	14
0	278	32	86	2	4
0	278	64	79	-0	1
0	279	1	332	0.381474	304
0	279	2	263	0.940782	183
0	279	4	209	1.95593	97
0	279	8	178	3.2932	41
0	279	16	107	3.75	14
0	279	32	86	2	4
0	279	64	79	-0	1
0	280	1	343	0.386784	310
0	280	2	261	0.965741	192
0	280	4	210	1.95808	95
0	280	8	183	3.31164	40
0	280	16	108	3.57782	14
0	280	32	86	2	4
0	280	64	79	-0	1
0	281	1	347	0.39814	323
0	281	2	268	0.987841	196
0	281	4	215	1.99942	95
0	281	8	184	3.31123	41
0	281	16	109	3.5	14
0	281	32	86	2	4
0	281	64	79	-0	1
0	282	1	344	0.39814	323
0	282	2	261	0.977914	198
0	282	4	208	1.98216	94
0	282	8	183	3.24722	40
0	282	16	109	3.57782	14
0	282	32	85	2	4
0	282	64	79	-0	1
0	283	1	344	0.399006	324
0	283	2	263	0.981216	198
0	283	4	210	1.95189	92
0	283	8	180	3.34441	41
0	283	16	108	3.625	14
0	283	32	86	2	4
0	283	64	79	-0	1
0	284	1	335	0.386784	310
0	284	2	265	0.968907	194
0	284	4	204	1.89794	92
0	284	8	179	3.16215	39
0	284	16	110	3.45282	14
0	284	32	85	2	4
0	284	64	79	-0	1
0	285	1	348	0.3903	314
0	285	2	265	0.975544	195
0	285	4	206	1.94868	91
0	285	8	179	3.21063	40
0	285	16	108	3.75	14
0	285	32	85	2	4
0	285	64	79	-0	1
0	286	1	340	0.39987	325
0	286	2	265	0.990577	200
0	286	4	213	1.98956	94
0	286	8	174	3.2373	41
0	286	16	107	3.45282	14
0	286	32	84	1.5	4
0	286	64	79	-0	1
0	287	1	358	0.410995	338
0	287	2	273	1.0057	198
0	287	4	218	2.00472	93
0	287	8	180	3.43365	42
0	287	16	110	3.625	14
0	287	32	85	2	4
0	287	64	79	-0	1
0	288	1	350	0.389423	313
0	288	2	268	0.96864	193
0	288	4	214	1.9638	94
0	288	8	174	3.2389	40
0	288	16	106	3.75	14
0	288	32	85	2	4
0	288	64	79	-0	1
0	289	1	356	0.416065	344
0	289	2	267	1.01187	195
0	289	4	221	2.06346	96
0	289	8	180	3.4024	42
0	289	16	109	3.625	14
0	289	32	86	2	4
0	289	64	79	-0	1
0	290	1	342	0.3903	314
0	290	2	265	0.968371	196
0	290	4	216	2.02471	101
0	290	8	180	3.33014	41
0	290	16	107	3.875	14
0	290	32	85	2	4
0	290	64	79	-0	1
0	291	1	357	0.416065	344
0	291	2	277	1.00378	193
0	291	4	220	2.03394	97
0	291	8	185	3.45568	42
0	291	16	110	3.75	14
0	291	32	86	2	4
0	291	64	79	-0	1
0	292	1	350	0.396407	321
0	292	2	269	0.994201	205
0	292	4	214	2.02788	102
0	292	8	189	3.51818	42
0	292	16	108	3.75	14
0	292	32	86	2	4
0	292	64	79	-0	1
0	293	1	360	0.426085	356
0	293	2	278	1.04497	205
0	293	4	223	2.09137	98
0	293	8	184	3.40121	41
0	293	16	108	3.625	14
0	293	32	86	1.5	4
0	293	64	79	-0	1
0	294	1	354	0.396407	321
0	294	2	267	0.987318	200
0	294	4	213	2.00501	98
0	294	8	178	3.2887	40
0	294	16	106	3.625	14
0	294	32	86	2	4
0	294	64	79	-0	1
0	295	1	353	0.410146	337
0	295	2	272	0.996477	190
0	295	4	213	1.99372	95
0	295	8	188	3.47006	41
0	295	16	108	3.875	14
0	295	32	86	2	4
0	295	64	79	-0	1
0	296	1	353	0.408445	335
0	296	2	271	1.00957	202
0	296	4	214	2.0319	98
0	296	8	184	3.38966	41
0	296	16	107	3.625	14
0	296	32	87	2	4
0	296	64	79	-0	1
0	297	1	343	0.387665	311
0	297	2	266	0.947098	186
0	297	4	211	1.92767	94
0	297	8	192	3.55504	43
0	297	16	108	3.625	14
0	297	32	87	2	4
0	297	64	79	-0	1
0	298	1	349	0.392051	316
0	298	2	270	0.97525	190
0	298	4	214	1.97713	95
0	298	8	181	3.37307	42
0	298	16	108	3.875	14
0	298	32	87	2	4
0	298	64	79	-0	1
0	299	1	342	0.375221	297
0	299	2	266	0.94523	186
0	299	4	203	1.86468	90
0	299	8	180	3.36349	42
0	299	16	107	3.875	14
0	299	32	87	2	4
0	299	64	79	-0	1
0	300	1	340	0.377908	300
0	300	2	262	0.937323	179
0	300	4	212	1.90797	89
0	300	8	181	3.40756	41
0	300	16	108	3.75	14
0	300	32	87	2	4
0	300	64	79	-0	1
0	301	1	343	0.374322	296
0	301	2	260	0.909121	176
0	301	4	206	1.83484	86
0	301	8	180	3.28191	41
0	301	16	109	3.75	14
0	301	32	87	2	4
0	301	64	79	-0	1
0	302	1	346	0.41269	340
0	302	2	269	1.00354	191
0	302	4	218	1.98662	90
0	302	8	183	3.4015	40
0	302	16	108	3.875	14
0	302	32	85	2	4
0	302	64	79	-0	1
0	303	1	345	0.375221	297
0	303	2	257	0.931556	188
0	303	4	211	1.93257	96
0	303	8	181	3.3127	43
0	303	16	109	3.5	14
0	303	32	87	2	4
0	303	64	79	-0	1
0	304	1	349	0.410995	338
0	304	2	272	1.0029	193
0	304	4	223	2.05752	99
0	304	8	180	3.31839	43
0	304	16	111	3.625	14
0	304	32	86	2	4
0	304	64	79	-0	1
0	305	1	351	0.385019	308
0	305	2	270	0.96746	195
0	305	4	216	1.97187	100
0	305	8	180	3.35832	44
0	305	16	107	3.75	14
0	305	32	85	2	4
0	305	64	79	-0	1
0	306	1	348	0.383249	306
0	306	2	267	0.960264	186
0	306	4	214	1.98338	99
0	306	8	175	3.3005	43
0	306	16	106	3.625	14
0	306	32	85	2	4
0	306	64	79	-0	1
0	307	1	339	0.392051	316
0	307	2	270	0.974475	195
0	307	4	211	1.98895	101
0	307	8	179	3.39723	43
0	307	16	106	3.625	14
0	307	32	84	2	4
0	307	64	79	-0	1
0	308	1	346	0.415223	343
0	308	2	275	1.02473	199
0	308	4	233	2.06226	98
0	308	8	188	3.51548	43
0	308	16	109	3.625	15
0	308	32	84	2	4
0	308	64	79	-0	1
0	309	1	337	0.377013	299
0	309	2	264	0.935521	181
0	309	4	208	1.95054	100
0	309	8	181	3.39494	45
0	309	16	109	3.70282	15
0	309	32	87	2	4
0	309	64	79	-0	1
0	310	1	331	0.370716	292
0	310	2	257	0.920983	178
0	310	4	211	1.91395	94
0	310	8	180	3.381	44
0	310	16	107	4	15
0	310	32	87	2	4
0	310	64	79	-0	1
0	311	1	349	0.389423	313
0	311	2	263	0.94461	182
0	311	4	208	1.92351	92
0	311	8	182	3.46386	44
0	311	16	107	3.875	15
0	311	32	85	1.5	4
0	311	64	79	-0	1
0	312	1	340	0.385902	309
0	312	2	264	0.953626	188
0	312	4	206	1.87325	91
0	312	8	180	3.43352	43
0	312	16	108	3.875	15
0	312	32	86	2	4
0	312	64	79	-0	1
0	313	1	354	0.399006	324
0	313	2	272	0.981315	194
0	313	4	208	1.93924	93
0	313	8	181	3.47649	45
0	313	16	107	3.75	15
0	313	32	86	2	4
0	313	64	79	-0	1
0	314	1	348	0.416906	345
0	314	2	271	1.0121	195
0	314	4	215	2.02235	95
0	314	8	192	3.64907	45
0	314	16	108	3.875	15
0	314	32	85	2	4
0	314	64	79	-0	1
0	315	1	357	0.413535	341
0	315	2	278	0.999822	196
0	315	4	216	2.04744	99
0	315	8	186	3.61083	46
0	315	16	108	3.45282	15
0	315	32	85	2	4
0	315	64	79	-0	1
0	316	1	368	0.426085	356
0	316	2	280	1.03243	199
0	316	4	217	2.12325	104
0	316	8	181	3.58559	47
0	316	16	108	3.875	16
0	316	32	86	2	4
0	316	64	79	-0	1
0	317	1	381	0.436763	369
0	317	2	288	1.06578	210
0	317	4	216	2.10218	101
0	317	8	184	3.68668	46
0	317	16	109	3.625	15
0	317	32	86	2	4
0	317	64	79	-0	1
0	318	1	364	0.421095	350
0	318	2	281	1.04345	210
0	318	4	214	2.09866	104
0	318	8	182	3.58559	47
0	318	16	109	3.625	15
0	318	32	84	2	4
0	318	64	79	-0	1
0	319	1	368	0.420259	349
0	319	2	283	1.03811	209
0	319	4	212	2.03605	100
0	319	8	185	3.58493	47
0	319	16	110	3.375	16
0	319	32	85	2	4
0	319	64	79	-0	1
0	320	1	364	0.435132	367
0	320	2	285	1.07494	214
0	320	4	222	2.13184	103
0	320	8	185	3.59013	47
0	320	16	108	3.625	16
0	320	32	85	2	4
0	320	64	79	-0	1
0	321	1	372	0.410146	337
0	321	2	280	1.03832	217
0	321	4	217	2.04329	101
0	321	8	183	3.49249	47
0	321	16	110	3.57782	16
0	321	32	85	2	4
0	321	64	79	-0	1
0	322	1	356	0.431036	362
0	322	2	279	1.0726	215
0	322	4	224	2.11369	101
0	322	8	184	3.58461	45
0	322	16	110	3.32782	16
0	322	32	85	2	4
0	322	64	79	-0	1
0	323	1	361	0.423595	353
0	323	2	275	1.02686	202
0	323	4	217	2.06035	98
0	323	8	184	3.58204	45
0	323	16	111	3.875	16
0	323	32	85	2	4
0	323	64	79	-0	1
0	324	1	358	0.410995	338
0	324	2	274	1.02518	202
0	324	4	213	1.99403	96
0	324	8	182	3.45973	43
0	324	16	110	4	15
0	324	32	85	2	4
0	324	64	79	-0	1
0	325	1	369	0.430213	361
0	325	2	282	1.05572	209
0	325	4	222	2.10185	99
0	325	8	191	3.66087	45
0	325	16	112	3.75	16
0	325	32	85	2	4
0	325	64	79	-0	1
0	326	1	366	0.410146	337
0	326	2	277	1.02316	206
0	326	4	217	2.03275	97
0	326	8	188	3.50794	42
0	326	16	109	3.75	14
0	326	32	85	2	4
0	326	64	79	-0	1
0	327	1	360	0.415223	343
0	327	2	280	1.02167	201
0	327	4	219	2.02403	94
0	327	8	179	3.32036	43
0	327	16	109	3.625	14
0	327	32	85	2	4
0	327	64	79	-0	1
0	328	1	362	0.411843	339
0	328	2	272	1.02616	209
0	328	4	217	2.04635	97
0	328	8	189	3.39809	41
0	328	16	108	3.57782	14
0	328	32	84	1.5	4
0	328	64	79	-0	1
0	329	1	365	0.41438	342
0	329	2	280	1.02305	205
0	329	4	217	2.02167	96
0	329	8	180	3.31225	41
0	329	16	107	3.75	14
0	329	32	86	2	4
0	329	64	79	-0	1
0	330	1	363	0.411843	339
0	330	2	276	1.00865	201
0	330	4	217	2.02009	96
0	330	8	178	3.26855	41
0	330	16	108	3.5	14
0	330	32	86	2	4
0	330	64	79	-0	1
0	331	1	349	0.405029	331
0	331	2	271	0.990815	194
0	331	4	220	2.00221	96
0	331	8	185	3.45105	43
0	331	16	108	3.625	14
0	331	32	87	2	4
0	331	64	79	-0	1
0	332	1	349	0.391176	315
0	332	2	269	0.961341	187
0	332	4	209	1.94141	93
0	332	8	184	3.37917	42
0	332	16	107	3.75	14
0	332	32	86	2	4
0	332	64	79	-0	1
0	333	1	354	0.417746	346
0	333	2	279	1.02053	196
0	333	4	221	1.98402	93
0	333	8	184	3.56426	43
0	333	16	110	3.25	14
0	333	32	85	2	4
0	333	64	79	-0	1
0	334	1	349	0.39814	323
0	334	2	273	0.995275	200
0	334	4	212	2.00969	100
0	334	8	185	3.42795	42
0	334	16	108	3.625	14
0	334	32	86	2	4
0	334	64	79	-0	1
0	335	1	365	0.431036	362
0	335	2	286	1.05052	207
0	335	4	221	2.08568	99
0	335	8	187	3.53714	43
0	335	16	111	3.75	14
0	335	32	86	2	4
0	335	64	79	-0	1
0	336	1	362	0.410146	337
0	336	2	278	1.0118	203
0	336	4	215	1.96959	100
0	336	8	183	3.51732	45
0	336	16	110	3.875	14
0	336	32	86	2	4
0	336	64	79	-0	1
0	337	1	387	0.456805	394
0	337	2	286	1.10485	220
0	337	4	232	2.19765	105
0	337	8	194	3.80558	46
0	337	16	109	3.75	14
0	337	32	86	2	4
0	337	64	78	-0	1
0	338	1	367	0.417746	346
0	338	2	283	1.02791	209
0	338	4	218	2.15416	109
0	338	8	181	3.48201	47
0	338	16	111	3.625	14
0	338	32	86	2	4
0	338	64	79	-0	1
0	339	1	366	0.421929	351
0	339	2	283	1.05259	210
0	339	4	214	2.10486	101
0	339	8	191	3.687	48
0	339	16	111	3.625	14
0	339	32	86	2	4
0	339	64	79	-0	1
0	340	1	345	0.393797	318
0	340	2	269	0.99003	199
0	340	4	206	2.01373	99
0	340	8	178	3.31658	44
0	340	16	104	3.875	14
0	340	32	84	2	4
0	340	64	79	-0	1
0	341	1	355	0.411843	339
0	341	2	270	0.996961	193
0	341	4	215	2.05171	96
0	341	8	183	3.53547	45
0	341	16	109	3.875	14
0	341	32	86	2	4
0	341	64	79	-0	1
0	342	1	346	0.409296	336
0	342	2	276	1.00711	203
0	342	4	211	2.05548	100
0	342	8	184	3.58114	46
0	342	16	108	3.75	14
0	342	32	86	2	4
0	342	64	79	-0	1
0	343	1	367	0.448864	384
0	343	2	283	1.10298	222
0	343	4	217	2.1647	103
0	343	8	185	3.62574	46
0	343	16	109	3.32782	14
0	343	32	87	2	4
0	343	64	78	-0	1
0	344	1	356	0.416065	344
0	344	2	276	1.02681	208
0	344	4	217	2.08034	102
0	344	8	184	3.61173	45
0	344	16	108	3.75	14
0	344	32	86	2	4
0	344	64	79	-0	1
0	345	1	362	0.442439	376
0	345	2	282	1.07465	213
0	345	4	216	2.13324	102
0	345	8	188	3.62962	45
0	345	16	109	3.75	14
0	345	32	87	1.5	4
0	345	64	78	-0	1
0	346	1	363	0.431857	363
0	346	2	279	1.07261	225
0	346	4	217	2.15039	106
0	346	8	183	3.55532	45
0	346	16	107	3.5	14
0	346	32	87	2	4
0	346	64	79	-0	1
0	347	1	367	0.448864	384
0	347	2	282	1.08933	215
0	347	4	219	2.17385	102
0	347	8	183	3.63572	45
0	347	16	107	3.75	14
0	347	32	85	1.5	4
0	347	64	78	-0	1
0	348	1	362	0.425256	355
0	348	2	277	1.02876	205
0	348	4	221	2.07751	98
0	348	8	181	3.46013	44
0	348	16	108	3.625	14
0	348	32	86	2	4
0	348	64	79	-0	1
0	349	1	352	0.422762	352
0	349	2	270	1.03553	204
0	349	4	215	2.08053	98
0	349	8	180	3.51838	45
0	349	16	108	3.625	14
0	349	32	84	2	4
0	349	64	79	-0	1
0	350	1	342	0.39814	323
0	350	2	267	0.968474	188
0	350	4	208	1.97806	95
0	350	8	180	3.43975	42
0	350	16	109	3.75	14
0	350	32	85	2	4
0	350	64	79	-0	1
0	351	1	342	0.3903	314
0	351	2	266	0.97278	190
0	351	4	210	1.96815	95
0	351	8	181	3.46775	44
0	351	16	108	3.57782	15
0	351	32	86	2	4
0	351	64	79	-0	1
0	352	1	340	0.394668	319
0	352	2	267	0.975625	192
0	352	4	216	2.0028	95
0	352	8	186	3.46903	42
0	352	16	107	3.625	14
0	352	32	87	2	4
0	352	64	79	-0	1
0	353	1	337	0.375221	297
0	353	2	261	0.949312	188
0	353	4	204	1.90183	92
0	353	8	180	3.35169	42
0	353	16	108	3.625	14
0	353	32	87	2	4
0	353	64	79	-0	1
0	354	1	331	0.380584	303
0	354	2	255	0.926641	174
0	354	4	207	1.82668	83
0	354	8	180	3.32307	40
0	354	16	104	3.875	14
0	354	32	86	2	4
0	354	64	79	-0	1
0	355	1	331	0.385019	308
0	355	2	257	0.931683	180
0	355	4	205	1.86077	85
0	355	8	181	3.30373	43
0	355	16	108	3.75	14
0	355	32	86	2	4
0	355	64	79	-0	1
0	356	1	337	0.376118	298
0	356	2	258	0.935185	181
0	356	4	206	1.87856	86
0	356	8	181	3.35623	42
0	356	16	107	3.875	14
0	356	32	86	2	4
0	356	64	79	-0	1
0	357	1	336	0.385902	309
0	357	2	260	0.947804	181
0	357	4	211	1.88657	87
0	357	8	177	3.27081	40
0	357	16	107	3.625	14
0	357	32	86	2	4
0	357	64	79	-0	1
0	358	1	337	0.383249	306
0	358	2	266	0.947559	181
0	358	4	203	1.88912	90
0	358	8	178	3.25831	41
0	358	16	107	3.625	14
0	358	32	86	2	4
0	358	64	79	-0	1
0	359	1	349	0.406739	333
0	359	2	269	0.984901	192
0	359	4	218	1.99041	91
0	359	8	179	3.38294	42
0	359	16	108	3.625	14
0	359	32	86	2	4
0	359	64	79	-0	1
0	360	1	347	0.394668	319
0	360	2	266	0.978109	200
0	360	4	212	1.92686	91
0	360	8	178	3.43975	42
0	360	16	108	3.375	14
0	360	32	85	2	4
0	360	64	79	-0	1
0	361	1	359	0.411843	339
0	361	2	276	0.996056	193
0	361	4	213	1.95366	92
0	361	8	181	3.44027	44
0	361	16	110	3.875	15
0	361	32	86	2	4
0	361	64	79	-0	1
0	362	1	347	0.404172	330
0	362	2	275	0.985617	191
0	362	4	213	1.95087	92
0	362	8	179	3.42848	43
0	362	16	109	3.75	15
0	362	32	85	2	4
0	362	64	79	-0	1
0	363	1	346	0.403314	329
0	363	2	266	0.990965	194
0	363	4	215	1.95603	92
0	363	8	185	3.55348	44
0	363	16	108	3.875	15
0	363	32	85	2	4
0	363	64	79	-0	1
0	364	1	346	0.409296	336
0	364	2	269	1.00164	195
0	364	4	211	1.9599	91
0	364	8	181	3.50589	43
0	364	16	105	3.75	15
0	364	32	85	2	4
0	364	64	79	-0	1
0	365	1	355	0.42939	360
0	365	2	274	1.01433	198
0	365	4	218	2.03002	93
0	365	8	184	3.59652	44
0	365	16	108	3.75	15
0	365	32	85	2	4
0	365	64	79	-0	1
0	366	1	351	0.416906	345
0	366	2	272	1.01055	195
0	366	4	211	1.96968	93
0	366	8	180	3.42369	43
0	366	16	107	3.57782	15
0	366	32	85	2	4
0	366	64	79	-0	1
0	367	1	355	0.41438	342
0	367	2	275	1.01387	201
0	367	4	211	1.99643	94
0	367	8	181	3.53587	45
0	367	16	109	3.75	15
0	367	32	84	2	4
0	367	64	79	-0	1
0	368	1	349	0.410995	338
0	368	2	276	1.00016	199
0	368	4	202	1.93642	94
0	368	8	182	3.46858	45
0	368	16	106	3.625	15
0	368	32	85	2	4
0	368	64	79	-0	1
0	369	1	363	0.444052	378
0	369	2	277	1.0674	210
0	369	4	220	2.11705	98
0	369	8	191	3.73516	45
0	369	16	110	3.5	15
0	369	32	84	2	4
0	369	64	78	-0	1
0	370	1	359	0.413535	341
0	370	2	274	1.00894	203
0	370	4	213	2.04587	98
0	370	8	183	3.48745	44
0	370	16	107	4	15
0	370	32	84	1.5	4
0	370	64	79	-0	1
0	371	1	363	0.456805	394
0	371	2	279	1.11632	223
0	371	4	221	2.19457	104
0	371	8	192	3.74152	46
0	371	16	110	4	15
0	371	32	86	2	4
0	371	64	78	-0	1
0	372	1	346	0.396407	321
0	372	2	261	0.989439	203
0	372	4	207	2.00859	101
0	372	8	184	3.51653	44
0	372	16	109	3.625	15
0	372	32	86	2	4
0	372	64	79	-0	1
0	373	1	345	0.393797	318
0	373	2	273	0.967628	187
0	373	4	218	2.0199	98
0	373	8	180	3.45817	44
0	373	16	110	3.625	15
0	373	32	87	2	4
0	373	64	79	-0	1
0	374	1	335	0.39814	323
0	374	2	275	0.988897	193
0	374	4	213	1.97653	95
0	374	8	179	3.42394	43
0	374	16	109	3.75	15
0	374	32	85	1.5	4
0	374	64	79	-0	1
0	375	1	341	0.392051	316
0	375	2	271	0.964204	189
0	375	4	214	1.99651	98
0	375	8	179	3.38735	44
0	375	16	108	4	15
0	375	32	85	2	4
0	375	64	79	-0	1
0	376	1	334	0.387665	311
0	376	2	264	0.946807	181
0	376	4	213	1.87725	89
0	376	8	178	3.38864	42
0	376	16	109	3.70282	15
0	376	32	87	2	4
0	376	64	79	-0	1
0	377	1	335	0.387665	311
0	377	2	260	0.945019	184
0	377	4	208	1.86975	91
0	377	8	185	3.42029	42
0	377	16	106	3.625	15
0	377	32	86	2	4
0	377	64	79	-0	1
0	378	1	328	0.377908	300
0	378	2	264	0.93876	181
0	378	4	207	1.89535	90
0	378	8	179	3.37061	41
0	378	16	107	3.75	15
0	378	32	87	2	4
0	378	64	79	-0	1
0	379	1	331	0.374322	296
0	379	2	261	0.93032	185
0	379	4	211	1.93061	92
0	379	8	178	3.27686	41
0	379	16	105	3.5	15
0	379	32	86	2	4
0	379	64	79	-0	1
0	380	1	321	0.369811	291
0	380	2	259	0.913612	176
0	380	4	210	1.87208	86
0	380	8	177	3.15867	39
0	380	16	107	3.57782	15
0	380	32	87	2	4
0	380	64	79	-0	1
0	381	1	338	0.372522	294
0	381	2	258	0.916331	173
0	381	4	218	1.88691	86
0	381	8	179	3.1488	39
0	381	16	108	3.45282	15
0	381	32	86	2	4
0	381	64	79	-0	1
0	382	1	332	0.387665	311
0	382	2	263	0.933012	174
0	382	4	215	1.86261	83
0	382	8	182	3.27949	39
0	382	16	109	3.875	15
0	382	32	87	2	4
0	382	64	79	-0	1
0	383	1	345	0.397274	322
0	383	2	268	0.970054	186
0	383	4	219	1.95691	89
0	383	8	188	3.43713	42
0	383	16	105	3.75	15
0	383	32	86	2	4
0	383	64	79	-0	1
0	384	1	343	0.408445	335
0	384	2	265	0.974103	189
0	384	4	211	1.9846	91
0	384	8	180	3.35312	41
0	384	16	107	3.625	15
0	384	32	86	2	4
0	384	64	79	-0	1
0	385	1	340	0.39814	323
0	385	2	266	0.973632	189
0	385	4	214	1.98425	93
0	385	8	185	3.53594	44
0	385	16	106	3.875	15
0	385	32	87	2	4
0	385	64	79	-0	1
0	386	1	348	0.415223	343
0	386	2	269	1.01389	197
0	386	4	211	1.99549	92
0	386	8	184	3.52001	44
0	386	16	109	3.5	14
0	386	32	87	2	4
0	386	64	79	-0	1
0	387	1	352	0.413535	341
0	387	2	272	1.02324	208
0	387	4	213	2.00011	95
0	387	8	187	3.61107	45
0	387	16	107	3.75	14
0	387	32	87	2	4
0	387	64	79	-0	1
0	388	1	350	0.436763	369
0	388	2	270	1.05905	210
0	388	4	223	2.00073	90
0	388	8	192	3.54894	43
0	388	16	108	3.625	14
0	388	32	86	2	4
0	388	64	79	-0	1
0	389	1	349	0.39987	325
0	389	2	272	0.994112	200
0	389	4	210	1.95155	93
0	389	8	181	3.3845	42
0	389	16	106	3.32782	14
0	389	32	88	2	4
0	389	64	79	-0	1
0	390	1	355	0.413535	341
0	390	2	276	1.02244	200
0	390	4	217	2.02103	95
0	390	8	191	3.57954	43
0	390	16	110	3.75	14
0	390	32	87	2	4
0	390	64	79	-0	1
0	391	1	346	0.408445	335
0	391	2	275	1.016	202
0	391	4	208	2.01049	98
0	391	8	180	3.51235	44
0	391	16	109	3.75	14
0	391	32	87	2	4
0	391	64	79	-0	1
0	392	1	349	0.431857	363
0	392	2	278	1.04617	202
0	392	4	224	2.07126	96
0	392	8	189	3.59133	43
0	392	16	109	3.5	14
0	392	32	87	2	4
0	392	64	79	-0	1
0	393	1	351	0.39987	325
0	393	2	268	0.998112	196
0	393	4	212	1.9852	95
0	393	8	188	3.47669	42
0	393	16	106	3.625	14
0	393	32	86	2	4
0	393	64	79	-0	1
0	394	1	343	0.39814	323
0	394	2	261	0.997963	199
0	394	4	217	1.98512	93
0	394	8	185	3.5002	44
0	394	16	108	3.625	14
0	394	32	85	2	4
0	394	64	79	-0	1
0	395	1	346	0.382362	305
0	395	2	267	0.959368	189
0	395	4	213	1.96058	97
0	395	8	186	3.48169	46
0	395	16	109	3.57782	14
0	395	32	87	2	4
0	395	64	79	-0	1
0	396	1	346	0.41269	340
0	396	2	269	0.991177	189
0	396	4	218	2.01495	94
0	396	8	184	3.54168	44
0	396	16	109	3.625	14
0	396	32	86	2	4
0	396	64	79	-0	1
0	397	1	354	0.406739	333
0	397	2	272	0.995649	198
0	397	4	224	2.04403	97
0	397	8	180	3.53133	45
0	397	16	109	3.57782	14
0	397	32	86	2	4
0	397	64	79	-0	1
0	398	1	353	0.410995	338
0	398	2	270	1.01137	200
0	398	4	217	2.00904	94
0	398	8	188	3.65796	47
0	398	16	109	3.375	15
0	398	32	85	2	4
0	398	64	79	-0	1
0	399	1	358	0.396407	321
0	399	2	271	0.970926	191
0	399	4	214	2.01594	98
0	399	8	185	3.55463	48
0	399	16	108	3.5	15
0	399	32	86	2	4
0	399	64	79	-0	1
0	400	1	350	0.399006	324
0	400	2	274	0.99264	197
0	400	4	212	1.9741	94
0	400	8	181	3.58428	47
0	400	16	109	3.625	15
0	400	32	87	2	4
0	400	64	79	-0	1
0	401	1	356	0.393797	318
0	401	2	279	0.979641	197
0	401	4	211	1.96065	96
0	401	8	181	3.50973	47
0	401	16	107	3.75	15
0	401	32	87	2	4
0	401	64	79	-0	1
0	402	1	348	0.388545	312
0	402	2	270	0.951622	181
0	402	4	211	1.90912	89
0	402	8	181	3.40681	44
0	402	16	109	3.75	15
0	402	32	86	2	4
0	402	64	79	-0	1
0	403	1	359	0.399006	324
0	403	2	276	0.993333	196
0	403	4	222	1.9904	94
0	403	8	180	3.42443	42
0	403	16	107	3.75	14
0	403	32	87	1.5	4
0	403	64	79	-0	1
0	404	1	357	0.406739	333
0	404	2	269	1.00445	199
0	404	4	212	1.95054	91
0	404	8	178	3.49005	42
0	404	16	109	3.57782	14
0	404	32	87	2	4
0	404	64	79	-0	1
0	405	1	351	0.405885	332
0	405	2	276	0.995888	197
0	405	4	215	1.97549	93
0	405	8	191	3.46441	40
0	405	16	110	3.75	14
0	405	32	88	2	4
0	405	64	79	-0	1
0	406	1	359	0.406739	333
0	406	2	270	1.00153	194
0	406	4	221	2.02471	95
0	406	8	185	3.48628	42
0	406	16	108	3.75	14
0	406	32	86	2	4
0	406	64	79	-0	1
0	407	1	352	0.393797	318
0	407	2	271	0.987937	198
0	407	4	219	1.98688	96
0	407	8	183	3.24107	41
0	407	16	110	3.625	14
0	407	32	86	2	4
0	407	64	79	-0	1
0	408	1	354	0.386784	310
0	408	2	263	0.96056	187
0	408	4	213	1.89061	87
0	408	8	180	3.4024	42
0	408	16	106	3.75	14
0	408	32	85	2	4
0	408	64	79	-0	1
0	409	1	341	0.367997	289
0	409	2	255	0.906204	172
0	409	4	212	1.8146	84
0	409	8	177	3.22772	41
0	409	16	109	3.625	14
0	409	32	85	1.5	4
0	409	64	79	-0	1
0	410	1	345	0.379693	302
0	410	2	266	0.930359	177
0	410	4	211	1.75415	78
0	410	8	178	3.22932	40
0	410	16	110	3.625	14
0	410	32	86	2	4
0	410	64	79	-0	1
0	411	1	334	0.359771	280
0	411	2	255	0.884909	169
0	411	4	207	1.73442	80
0	411	8	180	3.32151	40
0	411	16	109	3.75	14
0	411	32	86	2	4
0	411	64	79	-0	1
0	412	1	335	0.366179	287
0	412	2	258	0.916118	174
0	412	4	212	1.83948	84
0	412	8	182	3.33669	43
0	412	16	110	3.5	15
0	412	32	86	2	4
0	412	64	79	-0	1
0	413	1	328	0.361609	282
0	413	2	261	0.884257	164
0	413	4	205	1.73346	76
0	413	8	180	3.37413	42
0	413	16	112	3.625	14
0	413	32	86	2	4
0	413	64	79	-0	1
0	414	1	340	0.371619	293
0	414	2	255	0.923098	178
0	414	4	215	1.86245	85
0	414	8	181	3.43171	44
0	414	16	110	3.875	15
0	414	32	86	2	4
0	414	64	79	-0	1
0	415	1	329	0.375221	297
0	415	2	264	0.916641	170
0	415	4	208	1.87236	86
0	415	8	178	3.50266	45
0	415	16	109	3.57782	15
0	415	32	86	2	4
0	415	64	79	-0	1
0	416	1	345	0.385902	309
0	416	2	267	0.940791	180
0	416	4	214	1.87522	86
0	416	8	183	3.42329	43
0	416	16	110	3.75	15
0	416	32	86	2	4
0	416	64	79	-0	1
0	417	1	348	0.392051	316
0	417	2	270	0.966798	186
0	417	4	210	1.88857	89
0	417	8	181	3.38699	44
0	417	16	108	3.875	15
0	417	32	86	2	4
0	417	64	79	-0	1
0	418	1	349	0.389423	313
0	418	2	268	0.951127	185
0	418	4	214	1.95574	92
0	418	8	180	3.49294	44
0	418	16	108	3.875	15
0	418	32	85	2	4
0	418	64	79	-0	1
0	419	1	344	0.382362	305
0	419	2	268	0.940656	181
0	419	4	211	1.94521	94
0	419	8	180	3.4811	44
0	419	16	110	4	15
0	419	32	86	2	4
0	419	64	79	-0	1
0	420	1	353	0.376118	298
0	420	2	267	0.92752	179
0	420	4	210	1.92497	93
0	420	8	183	3.43806	44
0	420	16	109	3.625	15
0	420	32	86	2	4
0	420	64	79	-0	1
0	421	1	339	0.382362	305
0	421	2	265	0.915603	172
0	421	4	212	1.92687	91
0	421	8	184	3.44339	43
0	421	16	108	3.75	15
0	421	32	86	2	4
0	421	64	79	-0	1
0	422	1	358	0.39814	323
0	422	2	272	0.97449	191
0	422	4	215	1.94722	90
0	422	8	180	3.447	42
0	422	16	109	3.875	15
0	422	32	85	2	4
0	422	64	79	-0	1
0	423	1	351	0.385019	308
0	423	2	270	0.950899	189
0	423	4	214	1.93471	92
0	423	8	178	3.32605	43
0	423	16	109	3.625	15
0	423	32	86	2	4
0	423	64	79	-0	1
0	424	1	365	0.406739	333
0	424	2	265	0.962953	183
0	424	4	218	1.93531	87
0	424	8	191	3.56021	42
0	424	16	108	3.70282	15
0	424	32	85	2	4
0	424	64	79	-0	1
0	425	1	355	0.404172	330
0	425	2	270	1.00143	198
0	425	4	218	2.00553	95
0	425	8	184	3.52026	44
0	425	16	110	3.875	15
0	425	32	86	2	4
0	425	64	79	-0	1
0	426	1	341	0.367089	288
0	426	2	263	0.920676	181
0	426	4	214	1.90299	90
0	426	8	182	3.37425	44
0	426	16	106	3.625	15
0	426	32	85	2	4
0	426	64	79	-0	1
0	427	1	334	0.367089	288
0	427	2	257	0.910585	176
0	427	4	214	1.94956	95
0	427	8	179	3.44913	45
0	427	16	108	3.45282	15
0	427	32	85	2	4
0	427	64	79	-0	1
0	428	1	338	0.354226	274
0	428	2	257	0.897038	175
0	428	4	201	1.83205	89
0	428	8	179	3.37011	44
0	428	16	110	3.75	15
0	428	32	86	2	4
0	428	64	79	-0	1
0	429	1	319	0.346756	266
0	429	2	254	0.863333	163
0	429	4	213	1.82637	86
0	429	8	183	3.37298	43
0	429	16	107	4	15
0	429	32	94	0.811278	4
0	429	64	79	-0	1
0	430	1	322	0.353297	273
0	430	2	254	0.848007	154
0	430	4	208	1.66637	75
0	430	8	180	3.24975	41
0	430	16	105	3.625	15
0	430	32	86	2	4
0	430	64	79	-0	1
0	431	1	327	0.343931	263
0	431	2	251	0.859124	162
0	431	4	202	1.73358	81
0	431	8	176	3.20444	42
0	431	16	105	3.57782	15
0	431	32	85	2	4
0	431	64	79	-0	1
0	432	1	325	0.357928	278
0	432	2	258	0.89789	168
0	432	4	208	1.78697	82
0	432	8	184	3.41472	43
0	432	16	108	3.625	15
0	432	32	86	2	4
0	432	64	79	-0	1
0	433	1	333	0.339195	258
0	433	2	253	0.847878	159
0	433	4	198	1.73007	82
0	433	8	178	3.22448	42
0	433	16	105	3.75	15
0	433	32	86	2	4
0	433	64	78	-0	1
0	434	1	334	0.365267	286
0	434	2	259	0.893573	163
0	434	4	209	1.78631	79
0	434	8	170	3.14216	42
0	434	16	108	3.57782	15
0	434	32	88	2	4
0	434	64	79	-0	1
0	435	1	320	0.33154	250
0	435	2	251	0.836014	156
0	435	4	207	1.70416	77
0	435	8	177	3.22825	42
0	435	16	109	3.75	15
0	435	32	86	2	4
0	435	64	78	-0	1
0	436	1	312	0.333463	252
0	436	2	251	0.839848	155
0	436	4	213	1.69113	75
0	436	8	182	3.33019	43
0	436	16	106	3.75	15
0	436	32	86	2	4
0	436	64	77	-0	1
0	437	1	320	0.342041	261
0	437	2	248	0.840758	157
0	437	4	207	1.67094	73
0	437	8	177	3.25573	42
0	437	16	107	3.625	14
0	437	32	86	2	4
0	437	64	79	-0	1
0	438	1	321	0.353297	273
0	438	2	247	0.867167	162
0	438	4	209	1.72821	76
0	438	8	183	3.22973	40
0	438	16	109	3.75	14
0	438	32	86	2	4
0	438	64	79	-0	1
0	439	1	330	0.357928	278
0	439	2	254	0.867393	156
0	439	4	216	1.76759	78
0	439	8	182	3.37725	42
0	439	16	108	3.375	14
0	439	32	86	2	4
0	439	64	79	-0	1
0	440	1	320	0.33729	256
0	440	2	257	0.853568	160
0	440	4	209	1.7687	82
0	440	8	179	3.21753	40
0	440	16	106	3.625	14
0	440	32	87	2	4
0	440	64	77	-0	1
0	441	1	312	0.325737	244
0	441	2	248	0.798827	144
0	441	4	198	1.65733	75
0	441	8	175	3.14376	39
0	441	16	105	3.375	14
0	441	32	86	2	4
0	441	64	78	-0	1
0	442	1	314	0.33154	250
0	442	2	248	0.817101	149
0	442	4	204	1.64178	72
0	442	8	174	3.0951	40
0	442	16	106	3.625	14
0	442	32	86	2	4
0	442	64	78	-0	1
0	443	1	306	0.335379	254
0	443	2	245	0.834274	155
0	443	4	206	1.65836	72
0	443	8	179	3.15192	39
0	443	16	107	3.75	14
0	443	32	87	2	4
0	443	64	77	-0	1
0	444	1	311	0.332502	251
0	444	2	251	0.824344	150
0	444	4	204	1.68123	76
0	444	8	174	3.08241	39
0	444	16	107	3.625	14
0	444	32	86	2	4
0	444	64	78	-0	1
0	445	1	316	0.357005	277
0	445	2	251	0.873675	163
0	445	4	206	1.74986	77
0	445	8	175	3.18885	40
0	445	16	106	3.625	14
0	445	32	86	2	4
0	445	64	79	-0	1
0	446	1	316	0.339195	258
0	446	2	251	0.852505	164
0	446	4	201	1.67876	77
0	446	8	179	3.14078	39
0	446	16	106	3.5	14
0	446	32	87	2	4
0	446	64	78	-0	1
0	447	1	322	0.365267	286
0	447	2	257	0.894655	167
0	447	4	207	1.74847	78
0	447	8	179	3.25745	40
0	447	16	107	3.75	14
0	447	32	87	2	4
0	447	64	79	-0	1
0	448	1	327	0.357928	278
0	448	2	252	0.893192	170
0	448	4	202	1.71317	78
0	448	8	176	3.18952	39
0	448	16	106	3.625	14
0	448	32	85	2	4
0	448	64	79	-0	1
0	449	1	327	0.372522	294
0	449	2	255	0.909118	171
0	449	4	212	1.77101	78
0	449	8	180	3.31385	40
0	449	16	108	3.875	14
0	449	32	85	2	4
0	449	64	79	-0	1
0	450	1	339	0.376118	298
0	450	2	263	0.920821	171
0	450	4	215	1.85374	83
0	450	8	188	3.38401	40
0	450	16	108	3.75	14
0	450	32	86	2	4
0	450	64	79	-0	1
0	451	1	327	0.346756	266
0	451	2	255	0.869132	166
0	451	4	198	1.71002	79
0	451	8	175	3.18316	40
0	451	16	106	3.625	14
0	451	32	86	2	4
0	451	64	79	-0	1
0	452	1	316	0.344874	264
0	452	2	253	0.856937	158
0	452	4	202	1.68926	76
0	452	8	177	3.21155	39
0	452	16	107	3.75	14
0	452	32	86	2	4
0	452	64	79	-0	1
0	453	1	316	0.362525	283
0	453	2	248	0.872964	159
0	453	4	204	1.74651	78
0	453	8	180	3.26835	39
0	453	16	107	3.75	14
0	453	32	86	2	4
0	453	64	79	-0	1
0	454	1	323	0.357005	277
0	454	2	251	0.885151	165
0	454	4	205	1.78277	81
0	454	8	180	3.22687	39
0	454	16	106	3.75	14
0	454	32	84	2	4
0	454	64	79	-0	1
0	455	1	323	0.360691	281
0	455	2	255	0.887517	165
0	455	4	200	1.70709	76
0	455	8	176	3.12301	38
0	455	16	107	3.75	14
0	455	32	86	2	4
0	455	64	79	-0	1
0	456	1	325	0.353297	273
0	456	2	250	0.884444	168
0	456	4	207	1.74509	79
0	456	8	182	3.2432	39
0	456	16	107	3.75	14
0	456	32	86	2	4
0	456	64	79	-0	1
0	457	1	318	0.364355	285
0	457	2	253	0.895408	165
0	457	4	211	1.79754	80
0	457	8	176	3.18316	40
0	457	16	108	3.875	14
0	457	32	86	2	4
0	457	64	79	-0	1
0	458	1	311	0.32379	242
0	458	2	254	0.824933	154
0	458	4	202	1.72691	82
0	458	8	172	3.11456	40
0	458	16	106	3.625	14
0	458	32	87	2	4
0	458	64	78	-0	1
0	459	1	304	0.30498	223
0	459	2	248	0.768944	139
0	459	4	195	1.59203	72
0	459	8	172	3.08475	38
0	459	16	106	3.57782	14
0	459	32	86	2	4
0	459	64	78	-0	1
0	460	1	301	0.30498	223
0	460	2	240	0.757452	134
0	460	4	196	1.58997	72
0	460	8	168	3.00975	37
0	460	16	104	3.75	14
0	460	32	87	2	4
0	460	64	78	-0	1
0	461	1	296	0.307989	226
0	461	2	243	0.770869	137
0	461	4	196	1.58931	71
0	461	8	166	2.97085	37
0	461	16	105	3.625	14
0	461	32	87	2	4
0	461	64	78	-0	1
0	462	1	299	0.306988	225
0	462	2	241	0.765046	137
0	462	4	200	1.62383	74
0	462	8	174	3.03015	39
0	462	16	106	3.32782	14
0	462	32	87	2	4
0	462	64	78	-0	1
0	463	1	305	0.32379	242
0	463	2	243	0.786848	142
0	463	4	199	1.6573	75
0	463	8	173	3.14777	40
0	463	16	106	3.625	14
0	463	32	87	2	4
0	463	64	78	-0	1
0	464	1	313	0.329612	248
0	464	2	246	0.807851	147
0	464	4	198	1.64487	74
0	464	8	174	3.10507	37
0	464	16	107	3.625	14
0	464	32	86	1.5	4
0	464	64	78	-0	1
0	465	1	313	0.32379	242
0	465	2	245	0.809085	148
0	465	4	196	1.629	72
0	465	8	174	3.12366	38
0	465	16	105	3.875	14
0	465	32	87	2	4
0	465	64	78	-0	1
0	466	1	311	0.325737	244
0	466	2	242	0.801731	147
0	466	4	203	1.63823	72
0	466	8	175	3.09015	37
0	466	16	107	3.5	14
0	466	32	87	2	4
0	466	64	78	-0	1
0	467	1	308	0.317913	236
0	467	2	243	0.794674	149
0	467	4	197	1.60704	72
0	467	8	167	3.04171	38
0	467	16	105	3.625	14
0	467	32	86	2	4
0	467	64	78	-0	1
0	468	1	315	0.333463	252
0	468	2	249	0.823746	148
0	468	4	209	1.69654	75
0	468	8	173	3.11187	38
0	468	16	109	3.875	14
0	468	32	86	2	4
0	468	64	77	-0	1
0	469	1	317	0.335379	254
0	469	2	254	0.838075	156
0	469	4	198	1.66456	76
0	469	8	171	3.0406	37
0	469	16	106	3.875	14
0	469	32	87	2	4
0	469	64	77	-0	1
0	470	1	326	0.346756	266
0	470	2	248	0.865488	163
0	470	4	201	1.72995	79
0	470	8	179	3.12929	36
0	470	16	109	3.625	14
0	470	32	86	2	4
0	470	64	79	-0	1
0	471	1	325	0.345816	265
0	471	2	250	0.86134	162
0	471	4	206	1.73225	78
0	471	8	179	3.1835	37
0	471	16	107	3.75	14
0	471	32	86	2	4
0	471	64	79	-0	1
0	472	1	324	0.357005	277
0	472	2	252	0.881887	162
0	472	4	207	1.77793	79
0	472	8	172	3.10154	37
0	472	16	109	3.5	14
0	472	32	87	2	4
0	472	64	79	-0	1
0	473	1	323	0.352367	272
0	473	2	254	0.884571	167
0	473	4	209	1.80522	82
0	473	8	177	3.15647	38
0	473	16	108	3.75	14
0	473	32	87	2	4
0	473	64	79	-0	1
0	474	1	319	0.341094	260
0	474	2	252	0.855519	158
0	474	4	206	1.7643	80
0	474	8	160	2.86535	38
0	474	16	109	3.75	14
0	474	32	86	2	4
0	474	64	79	-0	1
0	475	1	312	0.340145	259
0	475	2	253	0.846831	160
0	475	4	205	1.77496	81
0	475	8	177	3.13999	38
0	475	16	108	3.625	14
0	475	32	86	2	4
0	475	64	79	-0	1
0	476	1	320	0.352367	272
0	476	2	250	0.883403	167
0	476	4	210	1.81956	83
0	476	8	179	3.07382	37
0	476	16	110	3.75	14
0	476	32	87	2	4
0	476	64	79	-0	1
0	477	1	316	0.324764	243
0	477	2	244	0.820554	157
0	477	4	196	1.71451	83
0	477	8	173	3.04302	38
0	477	16	107	3.625	14
0	477	32	85	1.5	4
0	477	64	78	-0	1
0	478	1	312	0.332502	251
0	478	2	243	0.825046	150
0	478	4	205	1.72828	78
0	478	8	169	2.92945	38
0	478	16	110	3.625	14
0	478	32	88	2	4
0	478	64	78	-0	1
0	479	1	307	0.335379	254
0	479	2	245	0.833683	158
0	479	4	206	1.74685	79
0	479	8	178	3.17047	39
0	479	16	109	3.75	14
0	479	32	87	2	4
0	479	64	77	-0	1
0	480	1	321	0.348632	268
0	480	2	247	0.859551	156
0	480	4	214	1.78394	80
0	480	8	176	3.12958	40
0	480	16	106	3.625	14
0	480	32	85	2	4
0	480	64	79	-0	1
0	481	1	315	0.339195	258
0	481	2	251	0.853701	159
0	481	4	206	1.73962	79
0	481	8	178	3.19562	39
0	481	16	104	3.625	14
0	481	32	87	2	4
0	481	64	78	-0	1
0	482	1	313	0.336336	255
0	482	2	255	0.846868	155
0	482	4	207	1.70787	77
0	482	8	176	3.18656	38
0	482	16	107	3.875	15
0	482	32	86	2	4
0	482	64	77	-0	1
0	483	1	308	0.329612	248
0	483	2	239	0.817457	150
0	483	4	207	1.69087	75
0	483	8	176	2.9986	36
0	483	16	106	4	15
0	483	32	88	2	4
0	483	64	78	-0	1
0	484	1	305	0.319878	238
0	484	2	236	0.80119	144
0	484	4	196	1.60611	70
0	484	8	176	2.9385	34
0	484	16	108	3.75	15
0	484	32	86	2	4
0	484	64	78	-0	1
0	485	1	298	0.32379	242
0	485	2	239	0.808634	146
0	485	4	207	1.63462	70
0	485	8	177	2.95755	34
0	485	16	108	4	15
0	485	32	88	2	4
0	485	64	78	-0	1
0	486	1	297	0.309987	228
0	486	2	234	0.78942	146
0	486	4	199	1.57946	69
0	486	8	170	2.88043	35
0	486	16	106	3.75	15
0	486	32	85	2	4
0	486	64	78	-0	1
0	487	1	305	0.311978	230
0	487	2	243	0.780514	138
0	487	4	201	1.61223	70
0	487	8	175	2.95599	34
0	487	16	106	3.45282	15
0	487	32	86	2	4
0	487	64	78	-0	1
0	488	1	293	0.302966	221
0	488	2	240	0.765972	138
0	488	4	199	1.62429	72
0	488	8	175	2.86577	34
0	488	16	105	3.75	15
0	488	32	86	2	4
0	488	64	78	-0	1
0	489	1	291	0.288674	207
0	489	2	235	0.73921	135
0	489	4	203	1.56669	71
0	489	8	168	2.77188	33
0	489	16	104	3.5	15
0	489	32	87	2	4
0	489	64	78	-0	1
0	490	1	291	0.310983	229
0	490	2	234	0.758018	130
0	490	4	205	1.59122	69
0	490	8	178	2.85384	33
0	490	16	108	3.75	15
0	490	32	87	2	4
0	490	64	78	-0	1
0	491	1	288	0.285567	204
0	491	2	237	0.733554	133
0	491	4	193	1.52717	70
0	491	8	175	2.80923	33
0	491	16	104	3.75	15
0	491	32	87	2	4
0	491	64	78	-0	1
0	492	1	288	0.318896	237
0	492	2	237	0.768946	132
0	492	4	207	1.60128	68
0	492	8	176	2.90725	34
0	492	16	106	3.57782	15
0	492	32	87	2	4
0	492	64	78	-0	1
0	493	1	295	0.303974	222
0	493	2	240	0.767082	140
0	493	4	201	1.57492	69
0	493	8	172	2.83438	33
0	493	16	106	3.75	15
0	493	32	87	2	4
0	493	64	78	-0	1
0	494	1	294	0.314952	233
0	494	2	240	0.772475	135
0	494	4	204	1.62364	70
0	494	8	172	2.80923	33
0	494	16	107	3.75	14
0	494	32	87	2	4
0	494	64	78	-0	1
0	495	1	274	0.295863	214
0	495	2	230	0.748796	137
0	495	4	194	1.53416	69
0	495	8	174	2.75962	32
0	495	16	108	3.375	14
0	495	32	86	2	4
0	495	64	78	-0	1
0	496	1	290	0.30498	223
0	496	2	229	0.763695	138
0	496	4	196	1.56165	70
0	496	8	176	2.91905	34
0	496	16	104	3.57782	14
0	496	32	86	2	4
0	496	64	78	-0	1
0	497	1	291	0.320858	239
0	497	2	240	0.787566	141
0	497	4	203	1.61943	70
0	497	8	177	2.92217	34
0	497	16	104	3.28064	14
0	497	32	86	2	4
0	497	64	78	-0	1
0	498	1	289	0.322814	241
0	498	2	230	0.807461	147
0	498	4	203	1.59284	68
0	498	8	177	2.94006	34
0	498	16	108	3.5	14
0	498	32	87	2	4
0	498	64	78	-0	1
0	499	1	294	0.317913	236
0	499	2	235	0.790482	146
0	499	4	198	1.56077	69
0	499	8	170	2.876	34
0	499	16	108	3.57782	14
0	499	32	87	2	4
0	499	64	78	-0	1
0	500	1	299	0.33154	250
0	500	2	231	0.803473	145
0	500	4	193	1.55754	67
0	500	8	176	2.95473	35
0	500	16	104	3.625	14
0	500	32	87	2	4
0	500	64	78	-0	1
