replicate	generation	window	K	H	S
0	0	1	226	0.765428	913
0	0	2	197	1.11409	256
0	0	4	154	1.39787	64
0	0	8	129	1.39933	16
0	0	16	112	1.31128	4
0	0	32	85	2	4
0	0	64	79	-0	1
0	1	1	157	0.168144	102
0	1	2	158	0.386424	62
0	1	4	152	0.954228	41
0	1	8	145	2.01951	24
0	1	16	103	3	12
0	1	32	85	2	4
0	1	64	78	-0	1
0	2	1	173	0.290737	209
0	2	2	182	0.565515	87
0	2	4	180	1.33925	55
0	2	8	167	2.51193	28
0	2	16	107	3	12
0	2	32	85	2	4
0	2	64	78	-0	1
0	3	1	208	0.230024	153
0	3	2	187	0.547795	96
0	3	4	163	1.21407	55
0	3	8	148	2.25204	27
0	3	16	104	3.25	12
0	3	32	86	2	4
0	3	64	78	-0	1
0	4	1	231	0.360691	281
0	4	2	211	0.726134	114
0	4	4	195	1.32058	48
0	4	8	168	2.47366	26
0	4	16	110	3.375	12
0	4	32	86	2	4
0	4	64	79	-0	1
0	5	1	233	0.22658	150
0	5	2	202	0.585322	103
0	5	4	171	1.23515	56
0	5	8	154	2.37513	28
0	5	16	104	3.125	12
0	5	32	87	2	4
0	5	64	78	-0	1
0	6	1	237	0.274031	193
0	6	2	213	0.636107	100
0	6	4	180	1.35477	59
0	6	8	168	2.51384	27
0	6	16	106	3.375	12
0	6	32	86	2	4
0	6	64	78	-0	1
0	7	1	249	0.267642	187
0	7	2	208	0.62719	112
0	7	4	172	1.30905	59
0	7	8	164	2.47235	27
0	7	16	125	2.82782	12
0	7	32	86	2	4
0	7	64	78	-0	1
0	8	1	276	0.333463	252
0	8	2	224	0.772132	131
0	8	4	190	1.50536	61
0	8	8	168	2.5154	27
0	8	16	108	3.25	12
0	8	32	85	2	4
0	8	64	77	-0	1
0	9	1	267	0.294841	213
0	9	2	215	0.706839	126
0	9	4	185	1.41103	62
0	9	8	173	2.62669	28
0	9	16	105	2.90564	12
0	9	32	87	2	4
0	9	64	78	-0	1
0	10	1	274	0.315941	234
0	10	2	226	0.763806	130
0	10	4	190	1.56437	67
0	10	8	172	2.60724	28
0	10	16	107	3.25	12
0	10	32	87	2	4
0	10	64	78	-0	1
0	11	1	271	0.305985	224
0	11	2	226	0.752623	133
0	11	4	193	1.59401	70
0	11	8	171	2.4721	26
0	11	16	104	3.125	12
0	11	32	86	2	4
0	11	64	78	-0	1
0	12	1	270	0.296883	215
0	12	2	219	0.743134	133
0	12	4	188	1.51885	66
0	12	8	174	2.5285	26
0	12	16	108	3.25	12
0	12	32	86	2	4
0	12	64	78	-0	1
0	13	1	273	0.311978	230
0	13	2	225	0.742146	126
0	13	4	192	1.46562	59
0	13	8	165	2.27286	25
0	13	16	106	3.25	12
0	13	32	87	2	4
0	13	64	78	-0	1
0	14	1	277	0.299932	218
0	14	2	226	0.734339	127
0	14	4	194	1.41297	57
0	14	8	166	2.34781	25
0	14	16	106	3	12
0	14	32	87	2	4
0	14	64	78	-0	1
0	15	1	278	0.298917	217
0	15	2	225	0.745656	130
0	15	4	190	1.43874	59
0	15	8	165	2.47649	27
0	15	16	105	3.25	12
0	15	32	85	2	4
0	15	64	78	-0	1
0	16	1	272	0.289706	208
0	16	2	224	0.714631	124
0	16	4	194	1.45229	60
0	16	8	175	2.66208	28
0	16	16	106	3.25	12
0	16	32	85	2	4
0	16	64	78	-0	1
0	17	1	272	0.283486	202
0	17	2	230	0.693448	117
0	17	4	197	1.3779	57
0	17	8	166	2.48415	27
0	17	16	104	3.375	12
0	17	32	86	2	4
0	17	64	78	-0	1
0	18	1	273	0.277199	196
0	18	2	221	0.677208	115
0	18	4	187	1.34613	56
0	18	8	157	2.29029	26
0	18	16	106	3.125	12
0	18	32	87	2	4
0	18	64	78	-0	1
0	19	1	280	0.288674	207
0	19	2	222	0.68606	113
0	19	4	202	1.47586	61
0	19	8	169	2.41726	26
0	19	16	105	3.57782	13
0	19	32	87	2	4
0	19	64	78	-0	1
0	20	1	282	0.281398	200
0	20	2	221	0.712235	126
0	20	4	195	1.46174	62
0	20	8	155	2.18827	26
0	20	16	104	3.25	12
0	20	32	86	2	4
0	20	64	78	-0	1
0	21	1	274	0.283486	202
0	21	2	221	0.701197	119
0	21	4	196	1.48849	64
0	21	8	164	2.45134	27
0	21	16	106	3.32782	13
0	21	32	85	2	4
0	21	64	78	-0	1
0	22	1	280	0.292792	211
0	22	2	224	0.696768	117
0	22	4	193	1.49374	64
0	22	8	169	2.59134	29
0	22	16	105	3.57782	13
0	22	32	87	2	4
0	22	64	78	-0	1
0	23	1	279	0.289706	208
0	23	2	225	0.722838	128
0	23	4	193	1.53501	68
0	23	8	168	2.55497	28
0	23	16	104	3.45282	13
0	23	32	87	2	4
0	23	64	78	-0	1
0	24	1	279	0.300945	219
0	24	2	232	0.734318	125
0	24	4	195	1.51324	64
0	24	8	170	2.62924	30
0	24	16	107	3.45282	13
0	24	32	87	2	4
0	24	64	78	-0	1
0	25	1	269	0.272971	192
0	25	2	217	0.675116	115
0	25	4	185	1.47206	66
0	25	8	167	2.49182	28
0	25	16	105	3.32782	13
0	25	32	86	2	4
0	25	64	78	-0	1
0	26	1	269	0.265496	185
0	26	2	223	0.664458	114
0	26	4	194	1.42644	61
0	26	8	167	2.49247	28
0	26	16	106	3.70282	13
0	26	32	86	2	4
0	26	64	78	-0	1
0	27	1	258	0.252453	173
0	27	2	213	0.630227	109
0	27	4	186	1.34246	57
0	27	8	155	2.24382	25
0	27	16	105	3.375	12
0	27	32	87	2	4
0	27	64	78	-0	1
0	28	1	261	0.263343	183
0	28	2	220	0.6504	109
0	28	4	185	1.33654	54
0	28	8	158	2.28117	25
0	28	16	103	3.25	12
0	28	32	87	2	4
0	28	64	78	-0	1
0	29	1	265	0.270845	190
0	29	2	213	0.667209	113
0	29	4	186	1.39791	58
0	29	8	161	2.26754	24
0	29	16	104	3.57782	13
0	29	32	87	2	4
0	29	64	78	-0	1
0	30	1	268	0.276145	195
0	30	2	222	0.679534	116
0	30	4	193	1.38028	56
0	30	8	160	2.49594	27
0	30	16	105	3.40564	13
0	30	32	87	2	4
0	30	64	78	-0	1
0	31	1	262	0.274031	193
0	31	2	221	0.685723	118
0	31	4	185	1.43304	61
0	31	8	159	2.52115	28
0	31	16	105	3.45282	13
0	31	32	86	2	4
0	31	64	78	-0	1
0	32	1	269	0.267642	187
0	32	2	218	0.660905	112
0	32	4	187	1.36752	57
0	32	8	162	2.53298	29
0	32	16	106	3.20282	13
0	32	32	86	2	4
0	32	64	78	-0	1
0	33	1	264	0.271909	191
0	33	2	219	0.662337	109
0	33	4	188	1.33278	55
0	33	8	163	2.37225	26
0	33	16	107	3.57782	13
0	33	32	86	2	4
0	33	64	78	-0	1
0	34	1	270	0.285567	204
0	34	2	222	0.679961	116
0	34	4	190	1.37102	56
0	34	8	174	2.67133	29
0	34	16	109	3.45282	13
0	34	32	87	2	4
0	34	64	78	-0	1
0	35	1	276	0.290737	209
0	35	2	225	0.737154	131
0	35	4	195	1.465	62
0	35	8	169	2.65323	30
0	35	16	106	3.15564	13
0	35	32	87	2	4
0	35	64	78	-0	1
0	36	1	272	0.277199	196
0	36	2	224	0.701998	124
0	36	4	190	1.43911	60
0	36	8	169	2.62829	29
0	36	16	108	3.40564	13
0	36	32	84	2	4
0	36	64	78	-0	1
0	37	1	268	0.279302	198
0	37	2	215	0.693163	121
0	37	4	191	1.36971	56
0	37	8	172	2.51384	27
0	37	16	110	3.25	12
0	37	32	87	2	4
0	37	64	78	-0	1
0	38	1	270	0.292792	211
0	38	2	221	0.710672	125
0	38	4	190	1.38588	56
0	38	8	173	2.64618	29
0	38	16	109	3.375	12
0	38	32	86	2	4
0	38	64	78	-0	1
0	39	1	275	0.303974	222
0	39	2	226	0.73657	125
0	39	4	202	1.41458	56
0	39	8	168	2.54318	28
0	39	16	109	3.25	12
0	39	32	85	2	4
0	39	64	78	-0	1
0	40	1	278	0.296883	215
0	40	2	226	0.720983	123
0	40	4	200	1.39244	56
0	40	8	166	2.53454	29
0	40	16	109	3.375	12
0	40	32	84	1.5	4
0	40	64	78	-0	1
0	41	1	277	0.314952	233
0	41	2	228	0.735288	124
0	41	4	201	1.5086	62
0	41	8	172	2.56419	28
0	41	16	110	3.375	12
0	41	32	87	2	4
0	41	64	78	-0	1
0	42	1	293	0.310983	229
0	42	2	236	0.764341	135
0	42	4	194	1.57276	69
0	42	8	171	2.65188	29
0	42	16	107	3.07782	12
0	42	32	85	2	4
0	42	64	78	-0	1
0	43	1	302	0.340145	259
0	43	2	237	0.812809	143
0	43	4	195	1.56979	66
0	43	8	172	2.63083	28
0	43	16	109	3.375	12
0	43	32	85	1.5	4
0	43	64	79	-0	1
0	44	1	300	0.345816	265
0	44	2	236	0.826585	148
0	44	4	199	1.63471	69
0	44	8	169	2.6876	30
0	44	16	108	3.375	12
0	44	32	84	2	4
0	44	64	79	-0	1
0	45	1	306	0.341094	260
0	45	2	243	0.820898	149
0	45	4	204	1.66474	71
0	45	8	180	2.9143	31
0	45	16	109	3.57782	13
0	45	32	85	2	4
0	45	64	79	-0	1
0	46	1	304	0.339195	258
0	46	2	244	0.838586	159
0	46	4	198	1.65837	72
0	46	8	184	3.00352	32
0	46	16	109	3.28064	13
0	46	32	87	1.5	4
0	46	64	78	-0	1
0	47	1	307	0.355154	275
0	47	2	244	0.874462	161
0	47	4	203	1.6595	72
0	47	8	172	2.7501	30
0	47	16	112	3.45282	13
0	47	32	86	2	4
0	47	64	79	-0	1
0	48	1	303	0.324764	243
0	48	2	240	0.783694	140
0	48	4	193	1.58441	71
0	48	8	172	2.84001	31
0	48	16	109	3.25	12
0	48	32	85	2	4
0	48	64	78	-0	1
0	49	1	300	0.341094	260
0	49	2	244	0.817975	147
0	49	4	201	1.57748	69
0	49	8	173	2.72204	29
0	49	16	107	3.20282	12
0	49	32	85	2	4
0	49	64	79	-0	1
0	50	1	306	0.335379	254
0	50	2	237	0.812329	151
0	50	4	198	1.62533	71
0	50	8	173	2.93336	32
0	50	16	110	3.57782	13
0	50	32	85	2	4
0	50	64	77	-0	1
0	51	1	312	0.345816	265
0	51	2	241	0.836173	151
0	51	4	201	1.62541	71
0	51	8	173	2.86673	32
0	51	16	108	3.40564	13
0	51	32	86	2	4
0	51	64	79	-0	1
0	52	1	309	0.349568	269
0	52	2	236	0.819631	145
0	52	4	199	1.59849	67
0	52	8	180	2.96461	32
0	52	16	108	3.57782	13
0	52	32	86	2	4
0	52	64	79	-0	1
0	53	1	313	0.347695	267
0	53	2	243	0.846031	157
0	53	4	196	1.59694	69
0	53	8	174	2.79344	31
0	53	16	111	3.45282	13
0	53	32	85	2	4
0	53	64	79	-0	1
0	54	1	320	0.351435	271
0	54	2	246	0.855145	156
0	54	4	197	1.69089	73
0	54	8	171	2.88962	33
0	54	16	109	3.625	14
0	54	32	87	2	4
0	54	64	79	-0	1
0	55	1	314	0.348632	268
0	55	2	240	0.841291	151
0	55	4	207	1.6828	72
0	55	8	172	2.85837	33
0	55	16	105	3.5	14
0	55	32	86	2	4
0	55	64	79	-0	1
0	56	1	310	0.343931	263
0	56	2	239	0.852356	157
0	56	4	197	1.62513	70
0	56	8	183	2.91845	32
0	56	16	106	3.625	14
0	56	32	86	2	4
0	56	64	79	-0	1
0	57	1	306	0.366179	287
0	57	2	239	0.867992	157
0	57	4	200	1.66078	70
0	57	8	169	2.70963	30
0	57	16	111	3.875	14
0	57	32	83	2	4
0	57	64	79	-0	1
0	58	1	317	0.367089	288
0	58	2	251	0.895371	164
0	58	4	202	1.69211	72
0	58	8	168	2.65479	30
0	58	16	108	3.625	14
0	58	32	85	2	4
0	58	64	79	-0	1
0	59	1	319	0.353297	273
0	59	2	244	0.86319	157
0	59	4	203	1.67	72
0	59	8	176	2.79315	30
0	59	16	109	3.625	14
0	59	32	86	2	4
0	59	64	79	-0	1
0	60	1	318	0.357005	277
0	60	2	244	0.860144	160
0	60	4	201	1.6661	70
0	60	8	172	2.69526	30
0	60	16	107	3.57782	14
0	60	32	85	2	4
0	60	64	79	-0	1
0	61	1	306	0.324764	243
0	61	2	238	0.805676	145
0	61	4	195	1.63879	72
0	61	8	173	2.64456	30
0	61	16	107	3.45282	14
0	61	32	83	2	4
0	61	64	78	-0	1
0	62	1	280	0.307989	226
0	62	2	233	0.737954	125
0	62	4	201	1.5334	64
0	62	8	167	2.59548	29
0	62	16	108	3.45282	13
0	62	32	83	2	4
0	62	64	78	-0	1
0	63	1	279	0.296883	215
0	63	2	233	0.719146	124
0	63	4	192	1.47292	62
0	63	8	166	2.69399	31
0	63	16	104	3.5	14
0	63	32	84	2	4
0	63	64	78	-0	1
0	64	1	280	0.318896	237
0	64	2	228	0.767869	132
0	64	4	198	1.53193	62
0	64	8	176	2.54509	27
0	64	16	104	3.375	12
0	64	32	84	2	4
0	64	64	78	-0	1
0	65	1	279	0.298917	217
0	65	2	225	0.732269	125
0	65	4	199	1.46536	59
0	65	8	168	2.48259	27
0	65	16	107	3.375	12
0	65	32	83	2	4
0	65	64	78	-0	1
0	66	1	269	0.279302	198
0	66	2	221	0.684213	114
0	66	4	194	1.40292	57
0	66	8	168	2.54474	28
0	66	16	107	3.25	12
0	66	32	85	2	4
0	66	64	78	-0	1
0	67	1	266	0.277199	196
0	67	2	220	0.684723	115
0	67	4	189	1.39202	57
0	67	8	164	2.49182	28
0	67	16	107	3.25	12
0	67	32	85	2	4
0	67	64	78	-0	1
0	68	1	263	0.277199	196
0	68	2	217	0.686059	116
0	68	4	187	1.37049	57
0	68	8	166	2.51959	28
0	68	16	106	3.5	12
0	68	32	86	2	4
0	68	64	78	-0	1
0	69	1	274	0.285567	204
0	69	2	221	0.715398	125
0	69	4	197	1.43182	60
0	69	8	173	2.6876	30
0	69	16	107	3.45282	13
0	69	32	85	2	4
0	69	64	78	-0	1
0	70	1	279	0.286604	205
0	70	2	228	0.717243	126
0	70	4	195	1.42866	60
0	70	8	170	2.70321	31
0	70	16	106	3.40564	13
0	70	32	85	2	4
0	70	64	78	-0	1
0	71	1	282	0.309987	228
0	71	2	229	0.74119	126
0	71	4	201	1.47283	59
0	71	8	173	2.71693	31
0	71	16	104	3.57782	13
0	71	32	85	2	4
0	71	64	78	-0	1
0	72	1	277	0.279302	198
0	72	2	227	0.688984	118
0	72	4	184	1.39363	60
0	72	8	169	2.64898	31
0	72	16	103	3.32782	13
0	72	32	85	2	4
0	72	64	78	-0	1
0	73	1	281	0.297901	216
0	73	2	225	0.711329	120
0	73	4	195	1.48901	62
0	73	8	172	2.79436	32
0	73	16	106	3.57782	13
0	73	32	85	2	4
0	73	64	78	-0	1
0	74	1	267	0.291766	210
0	74	2	229	0.705318	119
0	74	4	189	1.39308	57
0	74	8	168	2.57033	29
0	74	16	107	3.28064	13
0	74	32	86	2	4
0	74	64	78	-0	1
0	75	1	274	0.288674	207
0	75	2	228	0.675864	110
0	75	4	188	1.41931	59
0	75	8	174	2.56611	28
0	75	16	105	3.15564	13
0	75	32	86	2	4
0	75	64	78	-0	1
0	76	1	269	0.277199	196
0	76	2	220	0.684206	118
0	76	4	187	1.40057	58
0	76	8	165	2.51095	29
0	76	16	106	3.57782	13
0	76	32	85	2	4
0	76	64	78	-0	1
0	77	1	275	0.289706	208
0	77	2	221	0.707747	120
0	77	4	198	1.4083	56
0	77	8	167	2.47458	28
0	77	16	106	3.40564	13
0	77	32	85	2	4
0	77	64	78	-0	1
0	78	1	275	0.277199	196
0	78	2	219	0.692423	120
0	78	4	199	1.42611	59
0	78	8	166	2.51095	29
0	78	16	107	3.57782	13
0	78	32	86	2	4
0	78	64	78	-0	1
0	79	1	275	0.294841	213
0	79	2	222	0.704012	118
0	79	4	198	1.44091	58
0	79	8	166	2.51193	28
0	79	16	107	3.57782	13
0	79	32	84	2	4
0	79	64	78	-0	1
0	80	1	277	0.293818	212
0	80	2	223	0.717717	124
0	80	4	191	1.40557	58
0	80	8	168	2.51803	28
0	80	16	106	3.5	12
0	80	32	85	2	4
0	80	64	78	-0	1
0	81	1	287	0.312971	231
0	81	2	236	0.752063	128
0	81	4	197	1.44902	59
0	81	8	178	2.67997	28
0	81	16	108	3.45282	13
0	81	32	82	2	4
0	81	64	78	-0	1
0	82	1	289	0.305985	224
0	82	2	232	0.74793	132
0	82	4	198	1.5001	62
0	82	8	166	2.49403	28
0	82	16	104	3.45282	13
0	82	32	82	2	4
0	82	64	78	-0	1
0	83	1	292	0.297901	216
0	83	2	224	0.719897	122
0	83	4	190	1.40256	58
0	83	8	168	2.52528	28
0	83	16	105	3.25	12
0	83	32	84	2	4
0	83	64	78	-0	1
0	84	1	292	0.322814	241
0	84	2	232	0.771028	133
0	84	4	200	1.50811	61
0	84	8	173	2.60662	29
0	84	16	105	3.57782	13
0	84	32	82	2	4
0	84	64	78	-0	1
0	85	1	300	0.319878	238
0	85	2	235	0.76643	137
0	85	4	204	1.56119	65
0	85	8	171	2.73446	31
0	85	16	104	3.45282	13
0	85	32	84	2	4
0	85	64	78	-0	1
0	86	1	305	0.319878	238
0	86	2	237	0.780892	138
0	86	4	199	1.60896	69
0	86	8	176	2.963	34
0	86	16	105	3.57782	13
0	86	32	84	2	4
0	86	64	78	-0	1
0	87	1	311	0.327677	246
0	87	2	242	0.793284	141
0	87	4	203	1.61102	69
0	87	8	173	2.89894	34
0	87	16	104	3.45282	13
0	87	32	85	2	4
0	87	64	78	-0	1
0	88	1	308	0.357005	277
0	88	2	244	0.864055	156
0	88	4	211	1.78145	78
0	88	8	170	2.9021	35
0	88	16	106	3.57782	13
0	88	32	85	2	4
0	88	64	79	-0	1
0	89	1	310	0.339195	258
0	89	2	248	0.851971	157
0	89	4	205	1.7712	81
0	89	8	175	3.12256	37
0	89	16	108	3.57782	13
0	89	32	86	2	4
0	89	64	78	-0	1
0	90	1	299	0.326708	245
0	90	2	238	0.79974	142
0	90	4	193	1.60921	73
0	90	8	171	2.92569	35
0	90	16	107	3.28064	13
0	90	32	85	2	4
0	90	64	78	-0	1
0	91	1	300	0.355154	275
0	91	2	237	0.852345	153
0	91	4	208	1.73791	75
0	91	8	181	3.13824	37
0	91	16	108	3.28064	13
0	91	32	84	2	4
0	91	64	79	-0	1
0	92	1	309	0.324764	243
0	92	2	240	0.817788	149
0	92	4	205	1.69069	77
0	92	8	169	2.99534	37
0	92	16	106	3.57782	13
0	92	32	86	2	4
0	92	64	78	-0	1
0	93	1	308	0.35885	279
0	93	2	246	0.861635	153
0	93	4	209	1.74581	77
0	93	8	181	3.09897	37
0	93	16	105	3.70282	13
0	93	32	84	2	4
0	93	64	79	-0	1
0	94	1	312	0.340145	259
0	94	2	245	0.834172	153
0	94	4	198	1.70815	78
0	94	8	173	3.08143	37
0	94	16	106	3.32782	13
0	94	32	86	2	4
0	94	64	79	-0	1
0	95	1	308	0.334422	253
0	95	2	240	0.81844	146
0	95	4	199	1.70981	78
0	95	8	164	2.90265	37
0	95	16	108	3.20282	13
0	95	32	85	2	4
0	95	64	77	-0	1
0	96	1	309	0.332502	251
0	96	2	237	0.806227	145
0	96	4	199	1.71551	78
0	96	8	164	2.871	37
0	96	16	105	3.625	14
0	96	32	85	2	4
0	96	64	78	-0	1
0	97	1	308	0.326708	245
0	97	2	239	0.800262	144
0	97	4	197	1.702	77
0	97	8	165	2.9156	37
0	97	16	104	3.75	14
0	97	32	86	2	4
0	97	64	78	-0	1
0	98	1	301	0.300945	219
0	98	2	233	0.747688	134
0	98	4	195	1.62574	76
0	98	8	169	2.91339	37
0	98	16	106	3.625	14
0	98	32	85	2	4
0	98	64	78	-0	1
0	99	1	289	0.306988	225
0	99	2	236	0.750435	134
0	99	4	196	1.61869	73
0	99	8	176	2.95359	36
0	99	16	105	3.625	14
0	99	32	85	2	4
0	99	64	78	-0	1
0	100	1	293	0.325737	244
0	100	2	239	0.77856	135
0	100	4	198	1.64948	74
0	100	8	175	2.99999	35
0	100	16	105	3.57782	13
0	100	32	85	2	4
0	100	64	78	-0	1
0	101	1	320	0.355154	275
0	101	2	251	0.845778	150
0	101	4	205	1.75386	76
0	101	8	180	3.08403	36
0	101	16	108	3.57782	13
0	101	32	84	2	4
0	101	64	79	-0	1
0	102	1	311	0.350502	270
0	102	2	248	0.866116	159
0	102	4	202	1.77781	81
0	102	8	180	3.13539	36
0	102	16	107	3.45282	13
0	102	32	84	2	4
0	102	64	79	-0	1
0	103	1	316	0.351435	271
0	103	2	241	0.847177	154
0	103	4	208	1.74734	77
0	103	8	174	3.01351	36
0	103	16	109	3.57782	13
0	103	32	84	2	4
0	103	64	79	-0	1
0	104	1	314	0.366179	287
0	104	2	249	0.867512	156
0	104	4	217	1.72209	73
0	104	8	190	3.14505	34
0	104	16	107	3.40564	13
0	104	32	86	2	4
0	104	64	79	-0	1
0	105	1	311	0.342041	261
0	105	2	247	0.831907	152
0	105	4	202	1.68633	75
0	105	8	178	3.0067	34
0	105	16	105	3.15564	13
0	105	32	85	2	4
0	105	64	79	-0	1
0	106	1	316	0.347695	267
0	106	2	244	0.847539	156
0	106	4	200	1.69433	75
0	106	8	175	3.01592	34
0	106	16	105	3.57782	13
0	106	32	85	2	4
0	106	64	79	-0	1
0	107	1	306	0.349568	269
0	107	2	240	0.834082	148
0	107	4	202	1.71377	75
0	107	8	176	2.92813	33
0	107	16	107	3.45282	13
0	107	32	85	2	4
0	107	64	79	-0	1
0	108	1	307	0.342041	261
0	108	2	245	0.836109	152
0	108	4	207	1.72421	77
0	108	8	180	3.02615	34
0	108	16	108	3.57782	13
0	108	32	84	2	4
0	108	64	79	-0	1
0	109	1	301	0.338243	257
0	109	2	236	0.817074	149
0	109	4	202	1.76327	81
0	109	8	171	2.91324	35
0	109	16	104	3.70282	13
0	109	32	85	2	4
0	109	64	78	-0	1
0	110	1	304	0.332502	251
0	110	2	238	0.824342	149
0	110	4	196	1.66923	74
0	110	8	165	2.75	32
0	110	16	107	3.375	12
0	110	32	83	2	4
0	110	64	78	-0	1
0	111	1	301	0.343931	263
0	111	2	235	0.819932	147
0	111	4	193	1.63331	73
0	111	8	177	2.91321	33
0	111	16	107	3.375	12
0	111	32	85	2	4
0	111	64	79	-0	1
0	112	1	302	0.32379	242
0	112	2	237	0.795076	146
0	112	4	199	1.63609	72
0	112	8	175	2.89032	32
0	112	16	107	3.5	12
0	112	32	85	2	4
0	112	64	78	-0	1
0	113	1	298	0.33729	256
0	113	2	237	0.803092	144
0	113	4	202	1.6734	72
0	113	8	167	2.70782	33
0	113	16	107	3.5	12
0	113	32	85	2	4
0	113	64	77	-0	1
0	114	1	284	0.30498	223
0	114	2	232	0.77624	143
0	114	4	189	1.55698	70
0	114	8	175	2.82037	33
0	114	16	106	3.45282	13
0	114	32	86	2	4
0	114	64	78	-0	1
0	115	1	304	0.324764	243
0	115	2	230	0.779617	138
0	115	4	194	1.55146	67
0	115	8	178	2.91478	33
0	115	16	108	3.70282	13
0	115	32	85	2	4
0	115	64	78	-0	1
0	116	1	286	0.306988	225
0	116	2	229	0.752885	136
0	116	4	191	1.54799	69
0	116	8	173	2.83217	33
0	116	16	108	3.45282	13
0	116	32	86	2	4
0	116	64	78	-0	1
0	117	1	294	0.332502	251
0	117	2	240	0.795916	140
0	117	4	204	1.62217	70
0	117	8	177	2.92047	33
0	117	16	108	3.70282	13
0	117	32	85	2	4
0	117	64	78	-0	1
0	118	1	296	0.327677	246
0	118	2	239	0.775013	135
0	118	4	197	1.63479	72
0	118	8	173	2.89092	34
0	118	16	106	3.45282	13
0	118	32	85	2	4
0	118	64	78	-0	1
0	119	1	306	0.334422	253
0	119	2	237	0.80746	148
0	119	4	194	1.60576	72
0	119	8	174	2.92061	34
0	119	16	108	3.70282	13
0	119	32	85	2	4
0	119	64	77	-0	1
0	120	1	306	0.324764	243
0	120	2	231	0.805882	148
0	120	4	194	1.6292	75
0	120	8	161	2.86929	35
0	120	16	108	3.45282	13
0	120	32	86	2	4
0	120	64	78	-0	1
0	121	1	308	0.341094	260
0	121	2	237	0.821831	145
0	121	4	201	1.67353	73
0	121	8	169	2.85967	34
0	121	16	108	3.45282	13
0	121	32	86	2	4
0	121	64	79	-0	1
0	122	1	305	0.318896	237
0	122	2	237	0.800958	150
0	122	4	191	1.59849	73
0	122	8	166	2.75631	33
0	122	16	108	3.32782	13
0	122	32	86	2	4
0	122	64	78	-0	1
0	123	1	313	0.350502	270
0	123	2	243	0.851994	156
0	123	4	211	1.73913	76
0	123	8	176	2.89989	35
0	123	16	108	3.57782	13
0	123	32	86	1.5	4
0	123	64	79	-0	1
0	124	1	308	0.342041	261
0	124	2	237	0.832674	151
0	124	4	202	1.64549	75
0	124	8	177	2.95342	34
0	124	16	106	3.45282	13
0	124	32	86	2	4
0	124	64	79	-0	1
0	125	1	314	0.346756	266
0	125	2	248	0.837576	152
0	125	4	203	1.72898	77
0	125	8	180	2.99334	34
0	125	16	106	3.45282	13
0	125	32	84	2	4
0	125	64	79	-0	1
0	126	1	305	0.345816	265
0	126	2	245	0.844777	155
0	126	4	205	1.74922	78
0	126	8	173	2.8129	32
0	126	16	107	3.70282	13
0	126	32	85	2	4
0	126	64	79	-0	1
0	127	1	311	0.33729	256
0	127	2	238	0.829039	153
0	127	4	201	1.69686	75
0	127	8	169	2.74626	31
0	127	16	108	3.70282	13
0	127	32	84	2	4
0	127	64	77	-0	1
0	128	1	302	0.349568	269
0	128	2	233	0.842786	155
0	128	4	202	1.71891	76
0	128	8	183	3.00352	32
0	128	16	107	3.32782	13
0	128	32	86	2	4
0	128	64	79	-0	1
0	129	1	309	0.33729	256
0	129	2	238	0.826324	149
0	129	4	197	1.62388	71
0	129	8	180	2.90251	31
0	129	16	108	3.375	12
0	129	32	86	2	4
0	129	64	77	-0	1
0	130	1	302	0.326708	245
0	130	2	241	0.793373	142
0	130	4	199	1.58345	68
0	130	8	172	2.67133	29
0	130	16	109	3.375	12
0	130	32	86	2	4
0	130	64	78	-0	1
0	131	1	299	0.329612	248
0	131	2	240	0.805877	143
0	131	4	197	1.59436	68
0	131	8	175	2.67133	29
0	131	16	108	3.25	12
0	131	32	86	2	4
0	131	64	78	-0	1
0	132	1	288	0.298917	217
0	132	2	235	0.74825	132
0	132	4	192	1.51889	66
0	132	8	161	2.69556	32
0	132	16	107	3.5	12
0	132	32	85	2	4
0	132	64	78	-0	1
0	133	1	284	0.305985	224
0	133	2	229	0.748931	129
0	133	4	198	1.49667	63
0	133	8	168	2.75039	31
0	133	16	108	3.20282	12
0	133	32	86	2	4
0	133	64	78	-0	1
0	134	1	282	0.303974	222
0	134	2	226	0.738257	127
0	134	4	196	1.51924	64
0	134	8	163	2.65066	30
0	134	16	107	3.5	12
0	134	32	86	2	4
0	134	64	78	-0	1
0	135	1	287	0.30498	223
0	135	2	222	0.733335	128
0	135	4	196	1.55479	67
0	135	8	172	2.85751	32
0	135	16	106	3.25	12
0	135	32	85	2	4
0	135	64	78	-0	1
0	136	1	278	0.305985	224
0	136	2	228	0.73384	124
0	136	4	193	1.52521	64
0	136	8	173	2.75649	31
0	136	16	107	3.375	12
0	136	32	86	2	4
0	136	64	78	-0	1
0	137	1	280	0.301956	220
0	137	2	218	0.725734	125
0	137	4	190	1.49673	64
0	137	8	165	2.52372	28
0	137	16	111	3.375	12
0	137	32	86	2	4
0	137	64	78	-0	1
0	138	1	292	0.334422	253
0	138	2	228	0.788209	138
0	138	4	201	1.55169	62
0	138	8	175	2.69689	29
0	138	16	110	3.5	12
0	138	32	87	2	4
0	138	64	77	-0	1
0	139	1	284	0.298917	217
0	139	2	220	0.732388	126
0	139	4	192	1.49446	64
0	139	8	175	2.63693	28
0	139	16	108	3.5	12
0	139	32	87	2	4
0	139	64	78	-0	1
0	140	1	281	0.298917	217
0	140	2	226	0.73584	127
0	140	4	190	1.52984	67
0	140	8	177	2.7893	31
0	140	16	109	3.70282	13
0	140	32	86	2	4
0	140	64	78	-0	1
0	141	1	286	0.301956	220
0	141	2	219	0.723291	126
0	141	4	189	1.52565	65
0	141	8	174	2.6876	30
0	141	16	108	3.57782	13
0	141	32	87	2	4
0	141	64	78	-0	1
0	142	1	285	0.300945	219
0	142	2	222	0.73412	130
0	142	4	198	1.51918	64
0	142	8	175	2.68665	29
0	142	16	109	3.32782	13
0	142	32	86	2	4
0	142	64	78	-0	1
0	143	1	288	0.293818	212
0	143	2	219	0.713283	124
0	143	4	198	1.49701	63
0	143	8	172	2.6994	30
0	143	16	106	3.45282	13
0	143	32	85	2	4
0	143	64	78	-0	1
0	144	1	280	0.275089	194
0	144	2	216	0.705526	125
0	144	4	194	1.42712	60
0	144	8	172	2.60724	28
0	144	16	109	3.45282	13
0	144	32	85	2	4
0	144	64	78	-0	1
0	145	1	267	0.255742	176
0	145	2	213	0.624657	104
0	145	4	189	1.35466	56
0	145	8	171	2.52372	28
0	145	16	108	3.57782	13
0	145	32	86	2	4
0	145	64	78	-0	1
0	146	1	235	0.224271	148
0	146	2	201	0.551749	90
0	146	4	180	1.15411	46
0	146	8	160	2.13228	23
0	146	16	105	3.25	12
0	146	32	85	2	4
0	146	64	78	-0	1
0	147	1	236	0.243589	165
0	147	2	196	0.556485	88
0	147	4	189	1.14654	43
0	147	8	169	2.23939	23
0	147	16	105	3.25	12
0	147	32	86	2	4
0	147	64	78	-0	1
0	148	1	243	0.236848	159
0	148	2	198	0.578059	93
0	148	4	178	1.187	47
0	148	8	162	2.2245	24
0	148	16	104	3.20282	13
0	148	32	85	2	4
0	148	64	78	-0	1
0	149	1	249	0.24693	168
0	149	2	201	0.580947	93
0	149	4	189	1.23252	48
0	149	8	158	2.1563	24
0	149	16	108	3.28064	13
0	149	32	86	2	4
0	149	64	78	-0	1
0	150	1	250	0.243589	165
0	150	2	204	0.602573	98
0	150	4	185	1.19154	46
0	150	8	163	2.26185	24
0	150	16	107	3.32782	14
0	150	32	85	2	4
0	150	64	78	-0	1
0	151	1	252	0.25025	171
0	151	2	204	0.619182	103
0	151	4	182	1.2196	48
0	151	8	167	2.32422	25
0	151	16	107	3.75	14
0	151	32	85	2	4
0	151	64	78	-0	1
0	152	1	253	0.234583	157
0	152	2	199	0.575623	95
0	152	4	181	1.18466	46
0	152	8	162	2.30405	26
0	152	16	106	3.5	15
0	152	32	85	2	4
0	152	64	78	-0	1
0	153	1	251	0.255742	176
0	153	2	203	0.610589	98
0	153	4	188	1.13819	42
0	153	8	164	2.31242	25
0	153	16	106	3.625	14
0	153	32	84	2	4
0	153	64	78	-0	1
0	154	1	243	0.231167	154
0	154	2	200	0.571317	93
0	154	4	180	1.11404	43
0	154	8	161	2.24836	25
0	154	16	107	3.625	15
0	154	32	84	2	4
0	154	64	78	-0	1
0	155	1	241	0.223113	147
0	155	2	201	0.556001	90
0	155	4	181	1.13814	45
0	155	8	157	2.25335	26
0	155	16	104	3.15564	15
0	155	32	86	1.5	4
0	155	64	78	-0	1
0	156	1	243	0.242471	164
0	156	2	202	0.580093	93
0	156	4	184	1.14763	44
0	156	8	164	2.3353	26
0	156	16	107	3.15564	15
0	156	32	86	2	4
0	156	64	78	-0	1
0	157	1	254	0.22773	151
0	157	2	202	0.553877	89
0	157	4	179	1.09086	42
0	157	8	166	2.29453	25
0	157	16	106	2.95282	15
0	157	32	87	1.5	4
0	157	64	78	-0	1
0	158	1	251	0.243589	165
0	158	2	204	0.589027	96
0	158	4	186	1.14534	43
0	158	8	150	2.06255	24
0	158	16	104	3.5	14
0	158	32	86	2	4
0	158	64	78	-0	1
0	159	1	243	0.231167	154
0	159	2	205	0.571596	94
0	159	4	175	1.14405	46
0	159	8	158	2.20091	24
0	159	16	107	3.32782	13
0	159	32	87	2	4
0	159	64	78	-0	1
0	160	1	242	0.228878	152
0	160	2	204	0.554268	89
0	160	4	178	1.11021	43
0	160	8	155	2.19312	25
0	160	16	106	3.32782	14
0	160	32	87	2	4
0	160	64	78	-0	1
0	161	1	237	0.224271	148
0	161	2	196	0.561333	91
0	161	4	182	1.10604	42
0	161	8	165	2.33757	25
0	161	16	108	3.75	14
0	161	32	86	2	4
0	161	64	78	-0	1
0	162	1	241	0.239104	161
0	162	2	203	0.575805	94
0	162	4	181	1.1485	44
0	162	8	168	2.27351	25
0	162	16	106	3.5	14
0	162	32	86	2	4
0	162	64	78	-0	1
0	163	1	248	0.240229	162
0	163	2	202	0.591001	96
0	163	4	179	1.18759	46
0	163	8	163	2.27351	25
0	163	16	106	3.5	14
0	163	32	85	2	4
0	163	64	78	-0	1
0	164	1	251	0.249146	170
0	164	2	205	0.59741	95
0	164	4	183	1.2128	47
0	164	8	167	2.30476	25
0	164	16	106	3.5	14
0	164	32	86	2	4
0	164	64	78	-0	1
0	165	1	247	0.236848	159
0	165	2	212	0.582289	97
0	165	4	183	1.15512	44
0	165	8	168	2.32991	25
0	165	16	106	3.32782	14
0	165	32	87	2	4
0	165	64	78	-0	1
0	166	1	246	0.244705	166
0	166	2	204	0.602231	100
0	166	4	184	1.17756	45
0	166	8	167	2.29466	24
0	166	16	106	3.32782	14
0	166	32	87	2	4
0	166	64	78	-0	1
0	167	1	247	0.240229	162
0	167	2	204	0.594857	100
0	167	4	180	1.18128	46
0	167	8	167	2.29466	24
0	167	16	106	3.20282	14
0	167	32	86	2	4
0	167	64	78	-0	1
0	168	1	247	0.255742	176
0	168	2	200	0.604709	96
0	168	4	187	1.14559	42
0	168	8	171	2.26298	23
0	168	16	106	3.45282	13
0	168	32	85	2	4
0	168	64	78	-0	1
0	169	1	251	0.253552	174
0	169	2	208	0.616786	103
0	169	4	180	1.18579	46
0	169	8	163	2.26341	24
0	169	16	107	3.57782	13
0	169	32	85	2	4
0	169	64	78	-0	1
0	170	1	251	0.272971	192
0	170	2	200	0.614574	101
0	170	4	191	1.19074	44
0	170	8	168	2.26298	23
0	170	16	107	3.45282	13
0	170	32	85	2	4
0	170	64	78	-0	1
0	171	1	262	0.263343	183
0	171	2	208	0.601575	98
0	171	4	190	1.24518	48
0	171	8	161	2.2245	24
0	171	16	104	3.45282	13
0	171	32	86	2	4
0	171	64	78	-0	1
0	172	1	261	0.278252	197
0	172	2	216	0.645875	106
0	172	4	192	1.31118	51
0	172	8	171	2.28657	23
0	172	16	108	3.45282	13
0	172	32	86	2	4
0	172	64	78	-0	1
0	173	1	265	0.280351	199
0	173	2	216	0.661535	109
0	173	4	193	1.36485	54
0	173	8	173	2.48545	26
0	173	16	105	3.15564	13
0	173	32	86	1.5	4
0	173	64	78	-0	1
0	174	1	266	0.279302	198
0	174	2	215	0.652902	106
0	174	4	187	1.31448	51
0	174	8	173	2.48616	25
0	174	16	107	3.07782	13
0	174	32	86	2	4
0	174	64	78	-0	1
0	175	1	273	0.288674	207
0	175	2	220	0.673238	109
0	175	4	193	1.35675	53
0	175	8	171	2.44085	26
0	175	16	106	3.57782	13
0	175	32	85	2	4
0	175	64	78	-0	1
0	176	1	271	0.286604	205
0	176	2	218	0.696552	122
0	176	4	196	1.44947	60
0	176	8	167	2.52306	27
0	176	16	107	3.32782	13
0	176	32	86	2	4
0	176	64	78	-0	1
0	177	1	277	0.293818	212
0	177	2	224	0.715787	123
0	177	4	195	1.41875	58
0	177	8	169	2.51349	28
0	177	16	107	3.45282	13
0	177	32	86	2	4
0	177	64	78	-0	1
0	178	1	274	0.283486	202
0	178	2	215	0.696399	121
0	178	4	189	1.40031	59
0	178	8	175	2.52719	27
0	178	16	108	3.45282	13
0	178	32	86	2	4
0	178	64	78	-0	1
0	179	1	268	0.283486	202
0	179	2	219	0.682666	114
0	179	4	192	1.35712	55
0	179	8	173	2.58012	28
0	179	16	107	3.45282	13
0	179	32	86	2	4
0	179	64	78	-0	1
0	180	1	270	0.278252	197
0	180	2	216	0.659976	111
0	180	4	185	1.32769	55
0	180	8	169	2.48259	27
0	180	16	110	3.57782	13
0	180	32	86	2	4
0	180	64	78	-0	1
0	181	1	276	0.26657	186
0	181	2	218	0.66622	114
0	181	4	184	1.36086	58
0	181	8	170	2.55653	28
0	181	16	107	3.45282	13
0	181	32	86	2	4
0	181	64	78	-0	1
0	182	1	269	0.264421	184
0	182	2	218	0.63856	104
0	182	4	185	1.32514	56
0	182	8	172	2.55497	28
0	182	16	108	3.45282	13
0	182	32	86	2	4
0	182	64	78	-0	1
0	183	1	278	0.277199	196
0	183	2	218	0.660553	112
0	183	4	202	1.41691	59
0	183	8	173	2.58524	29
0	183	16	107	3.45282	13
0	183	32	85	2	4
0	183	64	78	-0	1
0	184	1	287	0.283486	202
0	184	2	225	0.681233	120
0	184	4	195	1.38913	56
0	184	8	168	2.53708	28
0	184	16	107	3.57782	13
0	184	32	84	2	4
0	184	64	78	-0	1
0	185	1	277	0.297901	216
0	185	2	221	0.734815	129
0	185	4	198	1.49632	63
0	185	8	174	2.64774	29
0	185	16	109	3.45282	13
0	185	32	85	2	4
0	185	64	78	-0	1
0	186	1	276	0.296883	215
0	186	2	221	0.727547	126
0	186	4	188	1.44529	60
0	186	8	176	2.61137	28
0	186	16	107	3.45282	13
0	186	32	85	2	4
0	186	64	78	-0	1
0	187	1	278	0.278252	197
0	187	2	220	0.683384	116
0	187	4	186	1.43495	61
0	187	8	177	2.65954	29
0	187	16	107	3.57782	13
0	187	32	85	2	4
0	187	64	78	-0	1
0	188	1	263	0.253552	174
0	188	2	214	0.627221	105
0	188	4	184	1.33865	57
0	188	8	174	2.56833	28
0	188	16	106	3.45282	13
0	188	32	85	2	4
0	188	64	78	-0	1
0	189	1	263	0.252453	173
0	189	2	212	0.620904	102
0	189	4	189	1.33411	56
0	189	8	168	2.3978	26
0	189	16	107	3.40564	13
0	189	32	85	2	4
0	189	64	78	-0	1
0	190	1	271	0.257924	178
0	190	2	211	0.649871	111
0	190	4	182	1.31503	54
0	190	8	175	2.36895	24
0	190	16	107	3.32782	13
0	190	32	85	2	4
0	190	64	78	-0	1
0	191	1	266	0.272971	192
0	191	2	216	0.661384	109
0	191	4	190	1.31924	54
0	191	8	172	2.39241	25
0	191	16	108	3.57782	13
0	191	32	86	2	4
0	191	64	78	-0	1
0	192	1	275	0.270845	190
0	192	2	219	0.668469	115
0	192	4	191	1.36468	56
0	192	8	168	2.41116	26
0	192	16	108	3.45282	13
0	192	32	86	2	4
0	192	64	78	-0	1
0	193	1	267	0.271909	191
0	193	2	222	0.663434	111
0	193	4	189	1.37043	56
0	193	8	174	2.49594	27
0	193	16	107	3.28064	13
0	193	32	86	2	4
0	193	64	78	-0	1
0	194	1	271	0.26657	186
0	194	2	221	0.654527	110
0	194	4	188	1.28441	51
0	194	8	172	2.4096	26
0	194	16	109	3.32782	13
0	194	32	86	2	4
0	194	64	78	-0	1
0	195	1	267	0.254648	175
0	195	2	217	0.637011	107
0	195	4	186	1.25568	51
0	195	8	169	2.45134	27
0	195	16	107	3.45282	13
0	195	32	85	2	4
0	195	64	78	-0	1
0	196	1	268	0.268711	188
0	196	2	218	0.645411	106
0	196	4	189	1.34022	55
0	196	8	164	2.31585	26
0	196	16	107	3.57782	13
0	196	32	85	2	4
0	196	64	78	-0	1
0	197	1	267	0.264421	184
0	197	2	222	0.626604	103
0	197	4	185	1.35388	57
0	197	8	173	2.54318	28
0	197	16	107	3.32782	13
0	197	32	86	1.5	4
0	197	64	78	-0	1
0	198	1	262	0.263343	183
0	198	2	223	0.657601	111
0	198	4	188	1.34583	56
0	198	8	174	2.47366	26
0	198	16	107	3.45282	13
0	198	32	86	2	4
0	198	64	78	-0	1
0	199	1	266	0.249146	170
0	199	2	213	0.636269	108
0	199	4	185	1.29931	55
0	199	8	169	2.53708	28
0	199	16	108	3.32782	13
0	199	32	86	2	4
0	199	64	78	-0	1
0	200	1	260	0.252453	173
0	200	2	213	0.636113	107
0	200	4	187	1.26408	51
0	200	8	164	2.34866	26
0	200	16	107	3.28064	13
0	200	32	86	2	4
0	200	64	78	-0	1
0	201	1	256	0.25025	171
0	201	2	212	0.633175	109
0	201	4	186	1.28829	54
0	201	8	166	2.52528	28
0	201	16	107	3.45282	13
0	201	32	85	2	4
0	201	64	78	-0	1
0	202	1	256	0.268711	188
0	202	2	211	0.646948	108
0	202	4	191	1.32366	53
0	202	8	162	2.3965	27
0	202	16	106	3.32782	13
0	202	32	85	2	4
0	202	64	78	-0	1
0	203	1	256	0.256834	177
0	203	2	211	0.615901	103
0	203	4	188	1.3273	56
0	203	8	170	2.56677	28
0	203	16	107	3.32782	13
0	203	32	86	2	4
0	203	64	78	-0	1
0	204	1	257	0.257924	178
0	204	2	217	0.637131	106
0	204	4	191	1.35716	56
0	204	8	165	2.41595	27
0	204	16	106	3.57782	13
0	204	32	85	2	4
0	204	64	78	-0	1
0	205	1	258	0.251353	172
0	205	2	211	0.619951	106
0	205	4	183	1.26634	52
0	205	8	157	2.39459	28
0	205	16	105	3.32782	13
0	205	32	87	2	4
0	205	64	78	-0	1
0	206	1	263	0.296883	215
0	206	2	224	0.705096	116
0	206	4	200	1.36608	53
0	206	8	170	2.49594	27
0	206	16	109	3.45282	13
0	206	32	84	2	4
0	206	64	78	-0	1
0	207	1	272	0.263343	183
0	207	2	214	0.643191	112
0	207	4	189	1.3057	54
0	207	8	166	2.54318	28
0	207	16	107	3.45282	13
0	207	32	87	2	4
0	207	64	78	-0	1
0	208	1	275	0.300945	219
0	208	2	223	0.727112	123
0	208	4	195	1.45246	59
0	208	8	169	2.61493	29
0	208	16	108	3.45282	13
0	208	32	83	2	4
0	208	64	78	-0	1
0	209	1	269	0.26657	186
0	209	2	214	0.66589	120
0	209	4	182	1.39169	60
0	209	8	164	2.70892	32
0	209	16	107	3.5	14
0	209	32	87	2	4
0	209	64	78	-0	1
0	210	1	276	0.278252	197
0	210	2	222	0.702515	122
0	210	4	195	1.40893	58
0	210	8	166	2.6312	30
0	210	16	106	3.625	14
0	210	32	86	2	4
0	210	64	78	-0	1
0	211	1	271	0.275089	194
0	211	2	214	0.678324	117
0	211	4	195	1.36929	56
0	211	8	164	2.55399	29
0	211	16	108	3.5	14
0	211	32	86	2	4
0	211	64	78	-0	1
0	212	1	277	0.283486	202
0	212	2	219	0.704561	121
0	212	4	189	1.38641	56
0	212	8	171	2.53138	28
0	212	16	109	3.20282	13
0	212	32	86	2	4
0	212	64	78	-0	1
0	213	1	271	0.28764	206
0	213	2	217	0.695563	118
0	213	4	197	1.42876	58
0	213	8	174	2.63852	29
0	213	16	108	3.32782	13
0	213	32	85	2	4
0	213	64	78	-0	1
0	214	1	269	0.263343	183
0	214	2	221	0.65339	113
0	214	4	186	1.36758	57
0	214	8	168	2.5154	27
0	214	16	107	3.57782	13
0	214	32	85	2	4
0	214	64	78	-0	1
0	215	1	260	0.256834	177
0	215	2	214	0.625681	104
0	215	4	189	1.34542	57
0	215	8	171	2.53138	28
0	215	16	105	3.28064	13
0	215	32	86	2	4
0	215	64	78	-0	1
0	216	1	271	0.276145	195
0	216	2	222	0.656278	109
0	216	4	193	1.34363	53
0	216	8	165	2.42775	27
0	216	16	106	3.45282	13
0	216	32	85	2	4
0	216	64	78	-0	1
0	217	1	262	0.268711	188
0	217	2	210	0.653002	110
0	217	4	188	1.33762	54
0	217	8	168	2.53552	28
0	217	16	106	3.45282	13
0	217	32	85	2	4
0	217	64	78	-0	1
0	218	1	264	0.253552	174
0	218	2	215	0.610319	101
0	218	4	187	1.25524	50
0	218	8	165	2.43954	27
0	218	16	105	3.28064	13
0	218	32	86	2	4
0	218	64	78	-0	1
0	219	1	255	0.255742	176
0	219	2	212	0.60529	96
0	219	4	187	1.18831	46
0	219	8	162	2.34866	26
0	219	16	104	3.20282	13
0	219	32	86	2	4
0	219	64	78	-0	1
0	220	1	259	0.24693	168
0	220	2	210	0.604291	99
0	220	4	190	1.19076	45
0	220	8	163	2.38404	26
0	220	16	106	3.20282	13
0	220	32	86	2	4
0	220	64	78	-0	1
0	221	1	261	0.255742	176
0	221	2	215	0.641797	108
0	221	4	184	1.24555	49
0	221	8	165	2.52118	29
0	221	16	105	3.20282	14
0	221	32	85	2	4
0	221	64	78	-0	1
0	222	1	262	0.267642	187
0	222	2	216	0.637131	106
0	222	4	189	1.18113	45
0	222	8	164	2.29141	25
0	222	16	105	3.45282	13
0	222	32	85	2	4
0	222	64	78	-0	1
0	223	1	264	0.265496	185
0	223	2	215	0.639336	107
0	223	4	182	1.23998	49
0	223	8	168	2.37991	26
0	223	16	105	3.15564	13
0	223	32	86	2	4
0	223	64	78	-0	1
0	224	1	273	0.282443	201
0	224	2	217	0.676529	114
0	224	4	194	1.35239	54
0	224	8	169	2.54474	28
0	224	16	107	3.28064	13
0	224	32	85	2	4
0	224	64	78	-0	1
0	225	1	274	0.276145	195
0	225	2	223	0.680268	117
0	225	4	195	1.39669	57
0	225	8	168	2.58978	29
0	225	16	105	3.15564	13
0	225	32	84	1.5	4
0	225	64	78	-0	1
0	226	1	274	0.285567	204
0	226	2	220	0.688787	117
0	226	4	189	1.40901	58
0	226	8	169	2.67425	30
0	226	16	109	3.45282	13
0	226	32	86	2	4
0	226	64	78	-0	1
0	227	1	284	0.294841	213
0	227	2	225	0.705635	119
0	227	4	188	1.41969	59
0	227	8	171	2.58524	29
0	227	16	109	3.57782	13
0	227	32	86	2	4
0	227	64	78	-0	1
0	228	1	289	0.321837	240
0	228	2	227	0.760448	129
0	228	4	202	1.50919	61
0	228	8	167	2.58978	29
0	228	16	108	3.45282	13
0	228	32	86	2	4
0	228	64	78	-0	1
0	229	1	289	0.296883	215
0	229	2	227	0.723691	128
0	229	4	191	1.4405	61
0	229	8	172	2.63595	29
0	229	16	109	3.32782	13
0	229	32	86	2	4
0	229	64	78	-0	1
0	230	1	293	0.301956	220
0	230	2	225	0.723622	125
0	230	4	192	1.45328	61
0	230	8	166	2.58816	30
0	230	16	109	3.32782	13
0	230	32	86	2	4
0	230	64	78	-0	1
0	231	1	294	0.308989	227
0	231	2	226	0.743012	131
0	231	4	192	1.43829	61
0	231	8	174	2.72909	30
0	231	16	108	3.45282	13
0	231	32	86	2	4
0	231	64	78	-0	1
0	232	1	288	0.314952	233
0	232	2	230	0.766566	136
0	232	4	197	1.46023	59
0	232	8	165	2.58368	29
0	232	16	107	3.25	12
0	232	32	86	2	4
0	232	64	78	-0	1
0	233	1	296	0.332502	251
0	233	2	234	0.796206	138
0	233	4	202	1.53785	62
0	233	8	175	2.78774	31
0	233	16	108	3.45282	13
0	233	32	86	2	4
0	233	64	78	-0	1
0	234	1	293	0.324764	243
0	234	2	230	0.794805	146
0	234	4	193	1.5449	66
0	234	8	170	2.71279	31
0	234	16	108	3.57782	13
0	234	32	86	2	4
0	234	64	78	-0	1
0	235	1	302	0.340145	259
0	235	2	233	0.807252	141
0	235	4	202	1.5906	66
0	235	8	176	2.80523	31
0	235	16	108	3.40564	13
0	235	32	85	2	4
0	235	64	79	-0	1
0	236	1	303	0.327677	246
0	236	2	227	0.803317	144
0	236	4	196	1.53011	64
0	236	8	174	2.6876	30
0	236	16	107	3.57782	13
0	236	32	86	2	4
0	236	64	78	-0	1
0	237	1	298	0.324764	243
0	237	2	230	0.771477	140
0	237	4	197	1.57549	66
0	237	8	175	2.78135	30
0	237	16	110	3.32782	13
0	237	32	86	2	4
0	237	64	78	-0	1
0	238	1	312	0.343931	263
0	238	2	236	0.816452	145
0	238	4	201	1.59983	66
0	238	8	176	2.80081	30
0	238	16	109	3.57782	13
0	238	32	85	2	4
0	238	64	79	-0	1
0	239	1	305	0.326708	245
0	239	2	243	0.794809	141
0	239	4	205	1.61908	70
0	239	8	175	2.79696	31
0	239	16	109	3.57782	13
0	239	32	87	2	4
0	239	64	78	-0	1
0	240	1	301	0.327677	246
0	240	2	236	0.800536	143
0	240	4	194	1.49462	64
0	240	8	175	2.77595	31
0	240	16	108	3.45282	13
0	240	32	85	2	4
0	240	64	78	-0	1
0	241	1	307	0.339195	258
0	241	2	240	0.829355	151
0	241	4	205	1.65472	71
0	241	8	174	2.7954	31
0	241	16	109	3.57782	13
0	241	32	84	2	4
0	241	64	78	-0	1
0	242	1	301	0.309987	228
0	242	2	233	0.757781	140
0	242	4	197	1.6231	73
0	242	8	170	2.72524	31
0	242	16	109	3.45282	13
0	242	32	86	2	4
0	242	64	78	-0	1
0	243	1	294	0.310983	229
0	243	2	237	0.738749	127
0	243	4	197	1.54145	66
0	243	8	177	2.89798	32
0	243	16	108	3.57782	13
0	243	32	86	2	4
0	243	64	78	-0	1
0	244	1	289	0.284527	203
0	244	2	226	0.696532	121
0	244	4	190	1.52814	69
0	244	8	169	2.77711	32
0	244	16	107	3.45282	13
0	244	32	86	2	4
0	244	64	78	-0	1
0	245	1	284	0.303974	222
0	245	2	230	0.726878	122
0	245	4	199	1.56837	67
0	245	8	172	2.7386	31
0	245	16	107	3.32782	13
0	245	32	86	2	4
0	245	64	78	-0	1
0	246	1	277	0.284527	203
0	246	2	219	0.685463	118
0	246	4	189	1.48091	66
0	246	8	171	2.82782	32
0	246	16	107	3.45282	13
0	246	32	86	2	4
0	246	64	78	-0	1
0	247	1	282	0.300945	219
0	247	2	222	0.721808	126
0	247	4	190	1.50564	64
0	247	8	163	2.694	32
0	247	16	108	3.45282	13
0	247	32	86	2	4
0	247	64	78	-0	1
0	248	1	286	0.30498	223
0	248	2	223	0.761516	139
0	248	4	196	1.50451	64
0	248	8	177	2.7737	30
0	248	16	108	3.40564	13
0	248	32	85	2	4
0	248	64	78	-0	1
0	249	1	301	0.345816	265
0	249	2	232	0.82539	147
0	249	4	211	1.65731	69
0	249	8	171	2.90881	34
0	249	16	110	3.40564	13
0	249	32	85	2	4
0	249	64	79	-0	1
0	250	1	305	0.306988	225
0	250	2	234	0.757284	140
0	250	4	198	1.59148	70
0	250	8	175	2.91451	34
0	250	16	111	3.57782	13
0	250	32	87	2	4
0	250	64	78	-0	1
0	251	1	296	0.312971	231
0	251	2	231	0.763479	134
0	251	4	197	1.55498	67
0	251	8	171	2.83892	33
0	251	16	110	3.28064	13
0	251	32	86	2	4
0	251	64	78	-0	1
0	252	1	300	0.309987	228
0	252	2	234	0.769319	141
0	252	4	202	1.55993	67
0	252	8	175	2.95186	34
0	252	16	109	3.625	14
0	252	32	85	2	4
0	252	64	78	-0	1
0	253	1	298	0.320858	239
0	253	2	233	0.784875	139
0	253	4	195	1.5443	66
0	253	8	172	2.92827	34
0	253	16	108	3.5	14
0	253	32	85	2	4
0	253	64	78	-0	1
0	254	1	289	0.300945	219
0	254	2	235	0.746641	134
0	254	4	194	1.54594	68
0	254	8	172	2.85201	34
0	254	16	109	3.45282	14
0	254	32	86	2	4
0	254	64	78	-0	1
0	255	1	303	0.32379	242
0	255	2	240	0.799525	143
0	255	4	198	1.55973	66
0	255	8	167	2.80923	33
0	255	16	108	3.45282	14
0	255	32	85	2	4
0	255	64	78	-0	1
0	256	1	314	0.324764	243
0	256	2	236	0.79787	145
0	256	4	194	1.55273	67
0	256	8	177	2.96935	34
0	256	16	107	3.75	14
0	256	32	86	2	4
0	256	64	78	-0	1
0	257	1	304	0.327677	246
0	257	2	234	0.805569	147
0	257	4	205	1.57413	67
0	257	8	179	2.91391	32
0	257	16	111	3.625	14
0	257	32	86	2	4
0	257	64	78	-0	1
0	258	1	300	0.317913	236
0	258	2	238	0.795736	146
0	258	4	207	1.64744	72
0	258	8	174	2.95125	35
0	258	16	108	3.75	15
0	258	32	86	2	4
0	258	64	78	-0	1
0	259	1	297	0.317913	236
0	259	2	241	0.800443	146
0	259	4	205	1.65121	74
0	259	8	171	2.88265	35
0	259	16	111	3.875	15
0	259	32	86	2	4
0	259	64	78	-0	1
0	260	1	304	0.326708	245
0	260	2	238	0.789088	141
0	260	4	202	1.67315	74
0	260	8	174	2.9807	36
0	260	16	110	3.57782	15
0	260	32	87	2	4
0	260	64	78	-0	1
0	261	1	312	0.339195	258
0	261	2	242	0.8268	150
0	261	4	199	1.66148	73
0	261	8	181	3.05069	35
0	261	16	107	3.57782	15
0	261	32	85	2	4
0	261	64	78	-0	1
0	262	1	314	0.33729	256
0	262	2	242	0.814873	147
0	262	4	204	1.74826	79
0	262	8	174	3.03944	37
0	262	16	109	3.75	15
0	262	32	87	2	4
0	262	64	77	-0	1
0	263	1	317	0.348632	268
0	263	2	237	0.84987	157
0	263	4	205	1.75256	80
0	263	8	181	3.0738	36
0	263	16	110	3.70282	15
0	263	32	87	2	4
0	263	64	79	-0	1
0	264	1	303	0.328645	247
0	264	2	241	0.80124	149
0	264	4	202	1.67681	79
0	264	8	178	3.15413	39
0	264	16	108	3.57782	15
0	264	32	86	2	4
0	264	64	78	-0	1
0	265	1	310	0.33729	256
0	265	2	246	0.827008	153
0	265	4	209	1.73619	78
0	265	8	178	3.1153	37
0	265	16	109	3.45282	15
0	265	32	86	2	4
0	265	64	77	-0	1
0	266	1	310	0.336336	255
0	266	2	236	0.796853	145
0	266	4	202	1.7218	78
0	266	8	177	3.0773	37
0	266	16	111	3.625	15
0	266	32	87	2	4
0	266	64	77	-0	1
0	267	1	306	0.322814	241
0	267	2	240	0.80984	147
0	267	4	203	1.69481	77
0	267	8	180	3.0834	37
0	267	16	109	3.57782	15
0	267	32	85	2	4
0	267	64	78	-0	1
0	268	1	281	0.295863	214
0	268	2	233	0.732236	128
0	268	4	198	1.59077	72
0	268	8	169	2.96106	38
0	268	16	112	3.75	15
0	268	32	87	2	4
0	268	64	78	-0	1
0	269	1	285	0.294841	213
0	269	2	228	0.726839	131
0	269	4	196	1.558	68
0	269	8	169	2.81719	36
0	269	16	109	3.5	15
0	269	32	86	2	4
0	269	64	78	-0	1
0	270	1	280	0.295863	214
0	270	2	227	0.725306	127
0	270	4	196	1.53807	67
0	270	8	167	2.75484	35
0	270	16	110	3.625	14
0	270	32	87	2	4
0	270	64	78	-0	1
0	271	1	274	0.285567	204
0	271	2	230	0.716996	128
0	271	4	191	1.51965	67
0	271	8	167	2.82998	35
0	271	16	108	3.625	14
0	271	32	87	2	4
0	271	64	78	-0	1
0	272	1	280	0.296883	215
0	272	2	231	0.734712	130
0	272	4	198	1.56666	69
0	272	8	167	2.85258	36
0	272	16	107	3.57782	14
0	272	32	86	2	4
0	272	64	78	-0	1
0	273	1	287	0.30498	223
0	273	2	228	0.737404	129
0	273	4	195	1.53715	67
0	273	8	170	3.01398	38
0	273	16	109	3.625	15
0	273	32	87	2	4
0	273	64	78	-0	1
0	274	1	291	0.310983	229
0	274	2	232	0.769616	137
0	274	4	198	1.59476	70
0	274	8	182	3.01036	38
0	274	16	110	3.75	15
0	274	32	87	2	4
0	274	64	78	-0	1
0	275	1	286	0.297901	216
0	275	2	229	0.736783	134
0	275	4	192	1.52762	66
0	275	8	170	2.99063	39
0	275	16	107	3.75	15
0	275	32	87	2	4
0	275	64	78	-0	1
0	276	1	286	0.311978	230
0	276	2	237	0.76004	132
0	276	4	202	1.55637	66
0	276	8	161	2.87461	38
0	276	16	109	3.625	15
0	276	32	86	2	4
0	276	64	78	-0	1
0	277	1	284	0.289706	208
0	277	2	231	0.713829	127
0	277	4	191	1.49755	66
0	277	8	163	2.81968	37
0	277	16	107	3.5	15
0	277	32	86	2	4
0	277	64	78	-0	1
0	278	1	288	0.299932	218
0	278	2	233	0.725218	124
0	278	4	195	1.50149	64
0	278	8	161	2.87875	38
0	278	16	108	3.45282	15
0	278	32	86	2	4
0	278	64	78	-0	1
0	279	1	290	0.292792	211
0	279	2	225	0.725043	131
0	279	4	197	1.53021	67
0	279	8	173	3.07864	39
0	279	16	107	3.625	15
0	279	32	87	2	4
0	279	64	78	-0	1
0	280	1	295	0.321837	240
0	280	2	236	0.773872	137
0	280	4	200	1.60289	71
0	280	8	182	3.19287	42
0	280	16	106	3.875	15
0	280	32	86	2	4
0	280	64	78	-0	1
0	281	1	291	0.310983	229
0	281	2	235	0.75956	136
0	281	4	194	1.60411	71
0	281	8	170	3.04824	41
0	281	16	108	3.625	15
0	281	32	87	2	4
0	281	64	78	-0	1
0	282	1	280	0.300945	219
0	282	2	240	0.735129	130
0	282	4	189	1.52201	68
0	282	8	181	3.0444	40
0	282	16	110	3.625	15
0	282	32	87	2	4
0	282	64	78	-0	1
0	283	1	280	0.317913	236
0	283	2	238	0.775559	141
0	283	4	203	1.59399	69
0	283	8	174	3.02212	40
0	283	16	110	3.45282	15
0	283	32	87	2	4
0	283	64	78	-0	1
0	284	1	294	0.324764	243
0	284	2	242	0.790006	140
0	284	4	208	1.59235	67
0	284	8	179	3.08719	40
0	284	16	110	3.625	15
0	284	32	86	2	4
0	284	64	78	-0	1
0	285	1	276	0.280351	199
0	285	2	233	0.677378	116
0	285	4	196	1.46951	63
0	285	8	167	2.93574	39
0	285	16	108	3.5	14
0	285	32	86	2	4
0	285	64	78	-0	1
0	286	1	267	0.272971	192
0	286	2	227	0.664709	111
0	286	4	192	1.41924	61
0	286	8	168	2.74932	36
0	286	16	106	3.45282	13
0	286	32	87	2	4
0	286	64	78	-0	1
0	287	1	262	0.262263	182
0	287	2	224	0.644086	109
0	287	4	195	1.41052	60
0	287	8	163	2.70232	36
0	287	16	107	3.28064	13
0	287	32	86	2	4
0	287	64	78	-0	1
0	288	1	264	0.263343	183
0	288	2	220	0.646491	110
0	288	4	187	1.37813	59
0	288	8	165	2.62624	36
0	288	16	108	3.15564	13
0	288	32	86	2	4
0	288	64	78	-0	1
0	289	1	268	0.272971	192
0	289	2	220	0.669227	115
0	289	4	190	1.40585	58
0	289	8	164	2.74819	36
0	289	16	108	3.32782	13
0	289	32	84	2	4
0	289	64	78	-0	1
0	290	1	265	0.265496	185
0	290	2	221	0.642123	109
0	290	4	187	1.34687	55
0	290	8	164	2.62415	35
0	290	16	108	3.32782	13
0	290	32	86	2	4
0	290	64	78	-0	1
0	291	1	261	0.253552	174
0	291	2	221	0.634267	108
0	291	4	192	1.35747	58
0	291	8	168	2.74429	35
0	291	16	108	3.15564	13
0	291	32	86	2	4
0	291	64	78	-0	1
0	292	1	257	0.251353	172
0	292	2	219	0.624007	107
0	292	4	186	1.33725	59
0	292	8	168	2.62193	35
0	292	16	106	3.32782	13
0	292	32	86	2	4
0	292	64	78	-0	1
0	293	1	266	0.255742	176
0	293	2	223	0.617071	103
0	293	4	187	1.35237	58
0	293	8	164	2.67508	35
0	293	16	108	3.45282	13
0	293	32	86	2	4
0	293	64	78	-0	1
0	294	1	263	0.26657	186
0	294	2	225	0.646353	107
0	294	4	195	1.36751	57
0	294	8	169	2.68055	35
0	294	16	108	3.28064	13
0	294	32	84	2	4
0	294	64	78	-0	1
0	295	1	273	0.269779	189
0	295	2	227	0.666736	115
0	295	4	191	1.37351	58
0	295	8	171	2.81757	35
0	295	16	107	3.32782	13
0	295	32	86	2	4
0	295	64	78	-0	1
0	296	1	270	0.276145	195
0	296	2	229	0.671735	114
0	296	4	201	1.43075	60
0	296	8	169	2.81523	36
0	296	16	109	3.45282	13
0	296	32	84	2	4
0	296	64	78	-0	1
0	297	1	268	0.263343	183
0	297	2	228	0.634909	109
0	297	4	187	1.3472	58
0	297	8	167	2.81445	35
0	297	16	109	3.57782	13
0	297	32	86	2	4
0	297	64	78	-0	1
0	298	1	279	0.278252	197
0	298	2	231	0.666621	111
0	298	4	190	1.38543	59
0	298	8	167	2.73598	35
0	298	16	108	3.57782	13
0	298	32	84	2	4
0	298	64	78	-0	1
0	299	1	271	0.268711	188
0	299	2	226	0.662555	116
0	299	4	199	1.40931	61
0	299	8	166	2.73184	35
0	299	16	109	3.32782	13
0	299	32	86	2	4
0	299	64	78	-0	1
0	300	1	277	0.280351	199
0	300	2	234	0.701631	121
0	300	4	199	1.46031	62
0	300	8	169	2.82032	36
0	300	16	110	3.625	14
0	300	32	85	1.5	4
0	300	64	78	-0	1
0	301	1	269	0.277199	196
0	301	2	228	0.680941	122
0	301	4	192	1.42152	61
0	301	8	170	2.87644	37
0	301	16	108	3.75	14
0	301	32	86	2	4
0	301	64	78	-0	1
0	302	1	285	0.306988	225
0	302	2	236	0.73732	127
0	302	4	204	1.50032	62
0	302	8	179	3.02991	38
0	302	16	113	3.32782	14
0	302	32	85	2	4
0	302	64	78	-0	1
0	303	1	277	0.280351	199
0	303	2	235	0.690784	125
0	303	4	191	1.44166	63
0	303	8	169	2.90814	38
0	303	16	109	3.625	14
0	303	32	87	2	4
0	303	64	78	-0	1
0	304	1	294	0.316927	235
0	304	2	243	0.778873	136
0	304	4	203	1.54088	66
0	304	8	167	2.75935	37
0	304	16	109	3.625	14
0	304	32	84	2	4
0	304	64	78	-0	1
0	305	1	286	0.291766	210
0	305	2	237	0.726835	129
0	305	4	197	1.47133	63
0	305	8	170	2.89241	37
0	305	16	109	3.25	14
0	305	32	86	2	4
0	305	64	78	-0	1
0	306	1	296	0.309987	228
0	306	2	237	0.745235	129
0	306	4	203	1.52904	64
0	306	8	176	3.00022	38
0	306	16	110	3.20282	14
0	306	32	86	2	4
0	306	64	78	-0	1
0	307	1	294	0.296883	215
0	307	2	243	0.742636	134
0	307	4	201	1.52666	66
0	307	8	172	3.02536	39
0	307	16	112	3.32782	14
0	307	32	87	2	4
0	307	64	78	-0	1
0	308	1	292	0.297901	216
0	308	2	236	0.747111	136
0	308	4	199	1.51656	66
0	308	8	171	2.86116	37
0	308	16	110	3.375	14
0	308	32	86	2	4
0	308	64	78	-0	1
0	309	1	288	0.295863	214
0	309	2	235	0.722941	125
0	309	4	204	1.51851	65
0	309	8	166	2.8028	37
0	309	16	109	3.375	14
0	309	32	86	2	4
0	309	64	78	-0	1
0	310	1	284	0.299932	218
0	310	2	244	0.733964	131
0	310	4	205	1.57914	70
0	310	8	167	2.81238	37
0	310	16	109	3.20282	14
0	310	32	87	2	4
0	310	64	78	-0	1
0	311	1	290	0.313963	232
0	311	2	256	0.773175	139
0	311	4	202	1.58557	71
0	311	8	175	3.03335	37
0	311	16	107	3.375	14
0	311	32	86	2	4
0	311	64	78	-0	1
0	312	1	305	0.307989	226
0	312	2	250	0.762896	136
0	312	4	201	1.59263	72
0	312	8	170	2.9595	38
0	312	16	107	3.375	14
0	312	32	87	2	4
0	312	64	78	-0	1
0	313	1	321	0.320858	239
0	313	2	260	0.779786	140
0	313	4	214	1.6628	73
0	313	8	179	3.08218	38
0	313	16	108	3.375	14
0	313	32	87	2	4
0	313	64	78	-0	1
0	314	1	312	0.306988	225
0	314	2	255	0.767707	143
0	314	4	199	1.56474	71
0	314	8	173	3.02344	39
0	314	16	109	3.625	14
0	314	32	86	2	4
0	314	64	78	-0	1
0	315	1	316	0.33729	256
0	315	2	264	0.811405	145
0	315	4	214	1.61997	70
0	315	8	180	3.2323	40
0	315	16	109	3.5	15
0	315	32	85	2	4
0	315	64	77	-0	1
0	316	1	306	0.318896	237
0	316	2	261	0.798572	148
0	316	4	207	1.63937	74
0	316	8	183	3.19999	41
0	316	16	110	3.75	15
0	316	32	86	2	4
0	316	64	78	-0	1
0	317	1	301	0.32379	242
0	317	2	261	0.771147	141
0	317	4	204	1.60402	71
0	317	8	181	3.21306	41
0	317	16	107	3.75	15
0	317	32	87	2	4
0	317	64	78	-0	1
0	318	1	308	0.324764	243
0	318	2	260	0.802307	148
0	318	4	210	1.68216	75
0	318	8	182	3.17029	42
0	318	16	109	3.375	16
0	318	32	86	2	4
0	318	64	78	-0	1
0	319	1	311	0.320858	239
0	319	2	265	0.795222	143
0	319	4	208	1.63801	72
0	319	8	182	3.25028	42
0	319	16	110	3.45282	16
0	319	32	86	2	4
0	319	64	78	-0	1
0	320	1	318	0.318896	237
0	320	2	260	0.786166	143
0	320	4	205	1.62329	73
0	320	8	180	3.17534	42
0	320	16	108	3.25	16
0	320	32	86	2	4
0	320	64	78	-0	1
0	321	1	317	0.333463	252
0	321	2	263	0.807494	145
0	321	4	204	1.63359	71
0	321	8	173	3.05015	42
0	321	16	108	3.75	16
0	321	32	85	2	4
0	321	64	77	-0	1
0	322	1	322	0.329612	248
0	322	2	256	0.796308	146
0	322	4	199	1.58755	70
0	322	8	178	3.1123	41
0	322	16	107	3.625	16
0	322	32	84	2	4
0	322	64	78	-0	1
0	323	1	321	0.347695	267
0	323	2	272	0.83335	148
0	323	4	218	1.70752	74
0	323	8	179	3.32409	43
0	323	16	108	3.875	16
0	323	32	86	2	4
0	323	64	79	-0	1
0	324	1	308	0.318896	237
0	324	2	254	0.793142	145
0	324	4	211	1.70758	79
0	324	8	177	3.18548	44
0	324	16	108	3.5	16
0	324	32	84	2	4
0	324	64	78	-0	1
0	325	1	306	0.316927	235
0	325	2	251	0.77641	142
0	325	4	202	1.66678	78
0	325	8	176	3.16694	43
0	325	16	107	3.625	16
0	325	32	86	2	4
0	325	64	78	-0	1
0	326	1	312	0.313963	232
0	326	2	263	0.778108	140
0	326	4	203	1.65074	77
0	326	8	171	3.04943	42
0	326	16	108	3.75	16
0	326	32	86	2	4
0	326	64	78	-0	1
0	327	1	321	0.318896	237
0	327	2	258	0.774502	139
0	327	4	208	1.6801	77
0	327	8	169	3.01602	40
0	327	16	109	3.75	15
0	327	32	85	2	4
0	327	64	78	-0	1
0	328	1	317	0.333463	252
0	328	2	263	0.80625	144
0	328	4	214	1.7076	76
0	328	8	181	3.21023	41
0	328	16	109	3.625	15
0	328	32	84	2	4
0	328	64	77	-0	1
0	329	1	320	0.329612	248
0	329	2	250	0.814711	153
0	329	4	204	1.71358	81
0	329	8	181	3.31102	45
0	329	16	109	3.75	16
0	329	32	84	2	4
0	329	64	78	-0	1
0	330	1	320	0.348632	268
0	330	2	255	0.855307	157
0	330	4	213	1.7572	80
0	330	8	182	3.34903	46
0	330	16	112	3.57782	16
0	330	32	86	2	4
0	330	64	79	-0	1
0	331	1	316	0.33154	250
0	331	2	256	0.807573	147
0	331	4	212	1.73894	81
0	331	8	176	3.23673	46
0	331	16	108	3.625	16
0	331	32	88	2	4
0	331	64	78	-0	1
0	332	1	308	0.318896	237
0	332	2	251	0.784368	142
0	332	4	215	1.67358	77
0	332	8	173	3.11216	43
0	332	16	112	3.625	16
0	332	32	86	2	4
0	332	64	78	-0	1
0	333	1	308	0.327677	246
0	333	2	250	0.795065	143
0	333	4	206	1.69833	78
0	333	8	175	3.14153	43
0	333	16	109	3.45282	16
0	333	32	86	2	4
0	333	64	78	-0	1
0	334	1	316	0.327677	246
0	334	2	256	0.81505	149
0	334	4	201	1.73043	81
0	334	8	178	3.15423	44
0	334	16	106	3.625	16
0	334	32	86	2	4
0	334	64	78	-0	1
0	335	1	315	0.340145	259
0	335	2	253	0.828932	155
0	335	4	207	1.71985	78
0	335	8	179	3.37327	45
0	335	16	111	3.57782	16
0	335	32	85	2	4
0	335	64	79	-0	1
0	336	1	319	0.345816	265
0	336	2	253	0.817571	149
0	336	4	206	1.73142	79
0	336	8	170	3.04168	44
0	336	16	108	3.625	15
0	336	32	87	2	4
0	336	64	79	-0	1
0	337	1	328	0.35885	279
0	337	2	260	0.861397	160
0	337	4	211	1.79724	83
0	337	8	181	3.34575	45
0	337	16	104	3.75	16
0	337	32	85	2	4
0	337	64	79	-0	1
0	338	1	336	0.372522	294
0	338	2	264	0.918838	177
0	338	4	209	1.87919	90
0	338	8	180	3.49667	48
0	338	16	108	3.57782	16
0	338	32	85	2	4
0	338	64	79	-0	1
0	339	1	334	0.375221	297
0	339	2	267	0.930866	178
0	339	4	210	1.89454	89
0	339	8	182	3.51315	48
0	339	16	107	3.625	16
0	339	32	84	1.5	4
0	339	64	79	-0	1
0	340	1	337	0.3903	314
0	340	2	270	0.95435	185
0	340	4	213	1.90045	88
0	340	8	184	3.48705	47
0	340	16	108	3.625	16
0	340	32	84	1.5	4
0	340	64	79	-0	1
0	341	1	349	0.401594	327
0	341	2	268	0.966472	191
0	341	4	214	1.9228	88
0	341	8	182	3.50393	48
0	341	16	111	3.375	16
0	341	32	86	2	4
0	341	64	79	-0	1
0	342	1	354	0.406739	333
0	342	2	284	0.990254	196
0	342	4	216	1.94049	90
0	342	8	180	3.50171	47
0	342	16	108	3.625	16
0	342	32	86	2	4
0	342	64	79	-0	1
0	343	1	355	0.405885	332
0	343	2	277	1.00451	198
0	343	4	210	1.94934	90
0	343	8	181	3.61103	48
0	343	16	111	3.625	16
0	343	32	86	2	4
0	343	64	79	-0	1
0	344	1	349	0.388545	312
0	344	2	269	0.955562	185
0	344	4	212	1.90713	88
0	344	8	179	3.38125	48
0	344	16	110	4	16
0	344	32	86	2	4
0	344	64	79	-0	1
0	345	1	352	0.399006	324
0	345	2	267	0.975125	186
0	345	4	212	1.96983	91
0	345	8	183	3.59727	48
0	345	16	109	3.5	16
0	345	32	85	2	4
0	345	64	79	-0	1
0	346	1	353	0.408445	335
0	346	2	279	1.00518	198
0	346	4	215	1.9635	89
0	346	8	185	3.47848	47
0	346	16	109	3.625	16
0	346	32	84	2	4
0	346	64	79	-0	1
0	347	1	359	0.411843	339
0	347	2	275	0.98591	197
0	347	4	224	2.01654	92
0	347	8	184	3.49028	47
0	347	16	107	3.875	16
0	347	32	86	2	4
0	347	64	79	-0	1
0	348	1	360	0.408445	335
0	348	2	272	0.991838	194
0	348	4	221	1.96551	90
0	348	8	186	3.64974	46
0	348	16	110	3.625	16
0	348	32	86	2	4
0	348	64	79	-0	1
0	349	1	356	0.41438	342
0	349	2	276	1.00953	197
0	349	4	216	2.02861	96
0	349	8	184	3.64718	47
0	349	16	108	3.45282	16
0	349	32	85	2	4
0	349	64	79	-0	1
0	350	1	352	0.39987	325
0	350	2	279	0.988599	195
0	350	4	223	2.04274	98
0	350	8	179	3.57793	47
0	350	16	111	3.375	16
0	350	32	85	2	4
0	350	64	79	-0	1
0	351	1	357	0.408445	335
0	351	2	276	0.978736	192
0	351	4	211	1.99902	94
0	351	8	179	3.49631	45
0	351	16	109	3.75	16
0	351	32	86	2	4
0	351	64	79	-0	1
0	352	1	362	0.404172	330
0	352	2	275	0.988529	191
0	352	4	216	2.00354	92
0	352	8	184	3.5203	45
0	352	16	108	3.5	16
0	352	32	85	2	4
0	352	64	79	-0	1
0	353	1	353	0.385902	309
0	353	2	279	0.947776	185
0	353	4	220	1.97572	93
0	353	8	180	3.38376	45
0	353	16	111	3.75	16
0	353	32	85	2	4
0	353	64	79	-0	1
0	354	1	347	0.378801	301
0	354	2	271	0.949795	187
0	354	4	207	1.88611	89
0	354	8	182	3.31774	43
0	354	16	110	3.57782	16
0	354	32	84	2	4
0	354	64	79	-0	1
0	355	1	336	0.373423	295
0	355	2	267	0.903824	170
0	355	4	211	1.84178	85
0	355	8	186	3.36996	41
0	355	16	109	3.75	16
0	355	32	84	2	4
0	355	64	79	-0	1
0	356	1	341	0.377013	299
0	356	2	271	0.918195	178
0	356	4	209	1.85297	88
0	356	8	182	3.37684	42
0	356	16	109	3.57782	16
0	356	32	85	2	4
0	356	64	79	-0	1
0	357	1	349	0.395538	320
0	357	2	271	0.964015	185
0	357	4	208	1.90249	86
0	357	8	182	3.33703	42
0	357	16	109	3.28064	16
0	357	32	84	1.5	4
0	357	64	79	-0	1
0	358	1	361	0.406739	333
0	358	2	282	0.984403	189
0	358	4	215	1.98981	91
0	358	8	183	3.36532	44
0	358	16	109	3.75	16
0	358	32	85	2	4
0	358	64	79	-0	1
0	359	1	355	0.394668	319
0	359	2	280	0.976901	188
0	359	4	206	1.93488	93
0	359	8	180	3.50433	44
0	359	16	109	3.75	16
0	359	32	86	1.5	4
0	359	64	79	-0	1
0	360	1	357	0.39814	323
0	360	2	277	0.963875	186
0	360	4	212	1.96942	93
0	360	8	185	3.48451	45
0	360	16	108	3.625	16
0	360	32	86	2	4
0	360	64	79	-0	1
0	361	1	349	0.392051	316
0	361	2	273	0.968254	189
0	361	4	204	1.91757	91
0	361	8	181	3.36245	44
0	361	16	111	3.625	16
0	361	32	84	2	4
0	361	64	79	-0	1
0	362	1	355	0.405029	331
0	362	2	278	0.986837	193
0	362	4	218	2.02561	95
0	362	8	180	3.35886	46
0	362	16	109	3.75	16
0	362	32	86	2	4
0	362	64	79	-0	1
0	363	1	358	0.418585	347
0	363	2	280	1.0154	199
0	363	4	219	2.02456	97
0	363	8	187	3.61587	46
0	363	16	109	3.70282	16
0	363	32	85	1.5	4
0	363	64	79	-0	1
0	364	1	366	0.415223	343
0	364	2	279	1.00672	200
0	364	4	220	2.05205	98
0	364	8	185	3.58559	47
0	364	16	112	3.57782	16
0	364	32	85	2	4
0	364	64	79	-0	1
0	365	1	369	0.416906	345
0	365	2	287	1.01719	199
0	365	4	213	1.99467	94
0	365	8	186	3.61017	46
0	365	16	110	3.625	16
0	365	32	85	1.5	4
0	365	64	79	-0	1
0	366	1	371	0.42939	360
0	366	2	293	1.06028	211
0	366	4	229	2.0986	98
0	366	8	184	3.62732	47
0	366	16	111	3.75	16
0	366	32	86	2	4
0	366	64	79	-0	1
0	367	1	375	0.422762	352
0	367	2	287	1.03682	208
0	367	4	227	2.12297	102
0	367	8	191	3.65952	47
0	367	16	108	3.625	16
0	367	32	86	2	4
0	367	64	79	-0	1
0	368	1	368	0.411843	339
0	368	2	295	1.01651	206
0	368	4	217	2.06147	102
0	368	8	188	3.63593	48
0	368	16	108	3.5	16
0	368	32	86	2	4
0	368	64	79	-0	1
0	369	1	392	0.43839	371
0	369	2	297	1.06644	216
0	369	4	225	2.14886	102
0	369	8	192	3.70035	47
0	369	16	111	3.75	16
0	369	32	86	2	4
0	369	64	78	-0	1
0	370	1	368	0.405029	331
0	370	2	295	1.01756	207
0	370	4	217	2.08196	104
0	370	8	180	3.52702	49
0	370	16	111	3.75	16
0	370	32	82	1.5	4
0	370	64	79	-0	1
0	371	1	355	0.386784	310
0	371	2	274	0.974997	195
0	371	4	208	1.97704	98
0	371	8	183	3.54733	47
0	371	16	112	3.625	16
0	371	32	85	2	4
0	371	64	79	-0	1
0	372	1	351	0.387665	311
0	372	2	269	0.945333	183
0	372	4	217	1.94182	92
0	372	8	185	3.60882	47
0	372	16	111	3.375	16
0	372	32	85	1.5	4
0	372	64	79	-0	1
0	373	1	362	0.396407	321
0	373	2	273	0.978713	191
0	373	4	216	1.93981	91
0	373	8	181	3.41595	45
0	373	16	110	3.45282	16
0	373	32	85	2	4
0	373	64	79	-0	1
0	374	1	352	0.410995	338
0	374	2	282	1.00546	193
0	374	4	228	2.02437	93
0	374	8	180	3.45166	47
0	374	16	111	3.75	16
0	374	32	86	2	4
0	374	64	79	-0	1
0	375	1	365	0.401594	327
0	375	2	295	0.993863	198
0	375	4	213	1.95902	93
0	375	8	180	3.53326	46
0	375	16	108	3.75	16
0	375	32	86	2	4
0	375	64	79	-0	1
0	376	1	380	0.430213	361
0	376	2	295	1.03347	203
0	376	4	224	1.99091	90
0	376	8	188	3.64384	48
0	376	16	110	3.75	16
0	376	32	86	2	4
0	376	64	79	-0	1
0	377	1	392	0.407593	334
0	377	2	296	1.01574	205
0	377	4	215	2.01236	96
0	377	8	183	3.60897	49
0	377	16	111	3.75	16
0	377	32	86	2	4
0	377	64	79	-0	1
0	378	1	384	0.416906	345
0	378	2	295	1.02509	201
0	378	4	218	1.99718	93
0	378	8	192	3.68099	49
0	378	16	110	3.75	16
0	378	32	86	2	4
0	378	64	79	-0	1
0	379	1	364	0.409296	336
0	379	2	283	1.00413	200
0	379	4	225	2.06541	99
0	379	8	182	3.60513	49
0	379	16	110	4	16
0	379	32	85	2	4
0	379	64	79	-0	1
0	380	1	359	0.407593	334
0	380	2	280	0.989789	194
0	380	4	224	2.03821	96
0	380	8	183	3.55958	49
0	380	16	109	3.75	16
0	380	32	86	2	4
0	380	64	79	-0	1
0	381	1	370	0.404172	330
0	381	2	289	0.981786	194
0	381	4	220	2.04718	97
0	381	8	180	3.45333	46
0	381	16	110	3.75	16
0	381	32	86	1.5	4
0	381	64	79	-0	1
0	382	1	353	0.413535	341
0	382	2	275	0.988179	189
0	382	4	221	2.06128	99
0	382	8	185	3.54223	46
0	382	16	110	3.625	16
0	382	32	85	2	4
0	382	64	79	-0	1
0	383	1	349	0.381474	304
0	383	2	279	0.952933	185
0	383	4	221	2.00123	98
0	383	8	184	3.46325	44
0	383	16	111	3.75	16
0	383	32	86	2	4
0	383	64	79	-0	1
0	384	1	334	0.367997	289
0	384	2	273	0.894505	173
0	384	4	211	1.87378	90
0	384	8	181	3.23538	41
0	384	16	109	3.875	15
0	384	32	86	2	4
0	384	64	79	-0	1
0	385	1	349	0.380584	303
0	385	2	280	0.926391	173
0	385	4	218	1.9392	91
0	385	8	184	3.33159	42
0	385	16	113	3.875	15
0	385	32	88	2	4
0	385	64	79	-0	1
0	386	1	348	0.35608	276
0	386	2	267	0.888296	169
0	386	4	208	1.8585	89
0	386	8	180	3.197	42
0	386	16	110	3.75	15
0	386	32	88	2	4
0	386	64	79	-0	1
0	387	1	352	0.365267	286
0	387	2	279	0.891033	164
0	387	4	216	1.86931	86
0	387	8	179	3.35013	42
0	387	16	110	3.625	15
0	387	32	86	2	4
0	387	64	79	-0	1
0	388	1	326	0.342041	261
0	388	2	264	0.849179	160
0	388	4	211	1.80972	86
0	388	8	178	3.07761	40
0	388	16	111	3.75	15
0	388	32	86	2	4
0	388	64	79	-0	1
0	389	1	314	0.334422	253
0	389	2	263	0.811987	146
0	389	4	206	1.6933	77
0	389	8	179	3.21699	39
0	389	16	110	3.625	15
0	389	32	87	2	4
0	389	64	77	-0	1
0	390	1	324	0.355154	275
0	390	2	264	0.864437	157
0	390	4	208	1.68576	77
0	390	8	178	3.0845	38
0	390	16	111	3.45282	15
0	390	32	87	2	4
0	390	64	79	-0	1
0	391	1	336	0.330577	249
0	391	2	266	0.835955	155
0	391	4	203	1.6768	79
0	391	8	176	2.93	36
0	391	16	109	3.75	15
0	391	32	86	2	4
0	391	64	78	-0	1
0	392	1	320	0.322814	241
0	392	2	259	0.79918	147
0	392	4	205	1.65658	74
0	392	8	178	3.05434	36
0	392	16	111	3.875	15
0	392	32	86	2	4
0	392	64	78	-0	1
0	393	1	334	0.338243	257
0	393	2	256	0.809991	144
0	393	4	208	1.63529	70
0	393	8	175	2.91451	34
0	393	16	110	3.625	14
0	393	32	86	2	4
0	393	64	78	-0	1
0	394	1	321	0.341094	260
0	394	2	248	0.826598	148
0	394	4	204	1.61015	70
0	394	8	183	3.03381	34
0	394	16	109	3.57782	13
0	394	32	87	2	4
0	394	64	79	-0	1
0	395	1	315	0.355154	275
0	395	2	264	0.85121	155
0	395	4	214	1.62244	67
0	395	8	182	2.90821	32
0	395	16	109	3.57782	13
0	395	32	85	2	4
0	395	64	79	-0	1
0	396	1	309	0.319878	238
0	396	2	240	0.773756	139
0	396	4	204	1.52262	64
0	396	8	171	2.6643	31
0	396	16	110	3.40564	13
0	396	32	85	2	4
0	396	64	78	-0	1
0	397	1	305	0.334422	253
0	397	2	229	0.797134	143
0	397	4	212	1.57542	68
0	397	8	178	2.83079	31
0	397	16	110	3.57782	14
0	397	32	87	2	4
0	397	64	77	-0	1
0	398	1	305	0.311978	230
0	398	2	235	0.764072	139
0	398	4	202	1.59721	71
0	398	8	177	2.89445	32
0	398	16	109	3.5	14
0	398	32	85	2	4
0	398	64	78	-0	1
0	399	1	294	0.295863	214
0	399	2	233	0.732687	128
0	399	4	202	1.573	71
0	399	8	173	2.85228	33
0	399	16	110	3.625	14
0	399	32	85	2	4
0	399	64	78	-0	1
0	400	1	288	0.313963	232
0	400	2	224	0.757638	136
0	400	4	209	1.56379	67
0	400	8	179	2.90868	33
0	400	16	107	3.32782	14
0	400	32	87	2	4
0	400	64	78	-0	1
0	401	1	296	0.306988	225
0	401	2	229	0.745506	133
0	401	4	206	1.55488	68
0	401	8	178	2.92657	33
0	401	16	108	3.57782	14
0	401	32	87	2	4
0	401	64	78	-0	1
0	402	1	301	0.330577	249
0	402	2	236	0.792948	138
0	402	4	212	1.6023	69
0	402	8	181	2.95938	33
0	402	16	109	3.5	14
0	402	32	87	2	4
0	402	64	78	-0	1
0	403	1	301	0.307989	226
0	403	2	237	0.780668	143
0	403	4	201	1.58782	71
0	403	8	175	2.91451	34
0	403	16	107	3.75	14
0	403	32	87	2	4
0	403	64	78	-0	1
0	404	1	300	0.305985	224
0	404	2	240	0.755652	133
0	404	4	208	1.57296	69
0	404	8	173	2.80267	32
0	404	16	105	3.75	14
0	404	32	87	2	4
0	404	64	78	-0	1
0	405	1	295	0.310983	229
0	405	2	238	0.764341	135
0	405	4	205	1.54803	66
0	405	8	175	2.7504	32
0	405	16	106	3.32782	13
0	405	32	87	1.5	4
0	405	64	78	-0	1
0	406	1	293	0.305985	224
0	406	2	237	0.751052	135
0	406	4	203	1.54269	66
0	406	8	178	2.88353	33
0	406	16	109	3.57782	13
0	406	32	86	2	4
0	406	64	78	-0	1
0	407	1	289	0.30498	223
0	407	2	233	0.746639	133
0	407	4	207	1.54772	66
0	407	8	173	2.83282	33
0	407	16	108	3.32782	13
0	407	32	87	2	4
0	407	64	78	-0	1
0	408	1	291	0.302966	221
0	408	2	232	0.752587	135
0	408	4	200	1.61193	73
0	408	8	177	2.86407	33
0	408	16	109	3.45282	13
0	408	32	86	2	4
0	408	64	78	-0	1
0	409	1	296	0.311978	230
0	409	2	236	0.779753	141
0	409	4	202	1.61899	72
0	409	8	179	2.89702	34
0	409	16	108	3.32782	13
0	409	32	87	2	4
0	409	64	78	-0	1
0	410	1	301	0.30498	223
0	410	2	238	0.75243	133
0	410	4	204	1.58524	70
0	410	8	173	2.84475	34
0	410	16	107	3.32782	13
0	410	32	87	2	4
0	410	64	78	-0	1
0	411	1	298	0.308989	227
0	411	2	234	0.737189	125
0	411	4	198	1.48739	65
0	411	8	173	2.85241	34
0	411	16	106	3.28064	13
0	411	32	87	2	4
0	411	64	78	-0	1
0	412	1	295	0.302966	221
0	412	2	230	0.726817	128
0	412	4	196	1.53853	67
0	412	8	169	2.76465	35
0	412	16	108	3.32782	13
0	412	32	86	2	4
0	412	64	78	-0	1
0	413	1	307	0.320858	239
0	413	2	234	0.755136	131
0	413	4	199	1.49151	61
0	413	8	175	2.80267	32
0	413	16	110	3.32782	13
0	413	32	85	1.5	4
0	413	64	78	-0	1
0	414	1	301	0.292792	211
0	414	2	233	0.7248	126
0	414	4	199	1.50697	65
0	414	8	174	2.77642	33
0	414	16	108	3.75	14
0	414	32	86	2	4
0	414	64	78	-0	1
0	415	1	282	0.283486	202
0	415	2	231	0.707534	125
0	415	4	193	1.46591	65
0	415	8	173	2.80858	33
0	415	16	109	3.32782	13
0	415	32	87	2	4
0	415	64	78	-0	1
0	416	1	278	0.285567	204
0	416	2	218	0.695005	120
0	416	4	197	1.44205	62
0	416	8	172	2.69555	31
0	416	16	108	3.57782	13
0	416	32	86	2	4
0	416	64	78	-0	1
0	417	1	279	0.277199	196
0	417	2	226	0.68299	116
0	417	4	195	1.44704	62
0	417	8	170	2.80923	33
0	417	16	107	3.28064	13
0	417	32	86	2	4
0	417	64	78	-0	1
0	418	1	272	0.283486	202
0	418	2	223	0.710111	124
0	418	4	196	1.48729	63
0	418	8	170	2.68725	32
0	418	16	107	3.45282	13
0	418	32	87	1.5	4
0	418	64	78	-0	1
0	419	1	277	0.280351	199
0	419	2	231	0.691054	120
0	419	4	196	1.4603	62
0	419	8	173	2.77577	33
0	419	16	107	3.75	14
0	419	32	87	2	4
0	419	64	78	-0	1
0	420	1	293	0.308989	227
0	420	2	233	0.723551	122
0	420	4	198	1.53899	65
0	420	8	173	2.79501	32
0	420	16	107	3.5	14
0	420	32	87	2	4
0	420	64	78	-0	1
0	421	1	291	0.28764	206
0	421	2	233	0.726316	130
0	421	4	194	1.48036	65
0	421	8	172	2.80157	33
0	421	16	110	3.625	14
0	421	32	87	2	4
0	421	64	78	-0	1
0	422	1	273	0.292792	211
0	422	2	232	0.709971	123
0	422	4	195	1.48954	66
0	422	8	166	2.57985	30
0	422	16	108	3.45282	13
0	422	32	87	2	4
0	422	64	78	-0	1
0	423	1	293	0.296883	215
0	423	2	236	0.731773	126
0	423	4	203	1.57528	69
0	423	8	167	2.80767	33
0	423	16	110	3.625	14
0	423	32	87	2	4
0	423	64	78	-0	1
0	424	1	282	0.292792	211
0	424	2	233	0.714695	126
0	424	4	196	1.57667	71
0	424	8	180	2.86407	33
0	424	16	109	3.45282	15
0	424	32	87	2	4
0	424	64	78	-0	1
0	425	1	290	0.297901	216
0	425	2	237	0.726004	124
0	425	4	199	1.51219	65
0	425	8	169	2.8699	34
0	425	16	110	3.5	14
0	425	32	87	2	4
0	425	64	78	-0	1
0	426	1	298	0.321837	240
0	426	2	236	0.752173	128
0	426	4	208	1.5713	67
0	426	8	175	2.87756	34
0	426	16	109	3.75	15
0	426	32	87	2	4
0	426	64	78	-0	1
0	427	1	291	0.296883	215
0	427	2	245	0.71468	121
0	427	4	201	1.56507	69
0	427	8	170	2.92234	36
0	427	16	107	3.5	14
0	427	32	87	2	4
0	427	64	78	-0	1
0	428	1	286	0.301956	220
0	428	2	237	0.715885	121
0	428	4	200	1.59669	72
0	428	8	179	3.02415	36
0	428	16	108	3.5	15
0	428	32	87	2	4
0	428	64	78	-0	1
0	429	1	286	0.290737	209
0	429	2	236	0.697125	118
0	429	4	196	1.5379	69
0	429	8	174	2.9139	35
0	429	16	107	3.5	14
0	429	32	87	2	4
0	429	64	78	-0	1
0	430	1	288	0.291766	210
0	430	2	236	0.699121	118
0	430	4	198	1.56152	73
0	430	8	168	2.80004	35
0	430	16	110	3.5	14
0	430	32	87	2	4
0	430	64	78	-0	1
0	431	1	283	0.284527	203
0	431	2	232	0.682523	118
0	431	4	198	1.53626	69
0	431	8	166	2.83559	36
0	431	16	109	3.5	14
0	431	32	87	2	4
0	431	64	78	-0	1
0	432	1	275	0.294841	213
0	432	2	236	0.729888	129
0	432	4	200	1.56353	70
0	432	8	177	2.97501	36
0	432	16	108	3.40564	15
0	432	32	87	2	4
0	432	64	78	-0	1
0	433	1	292	0.293818	212
0	433	2	237	0.725216	125
0	433	4	195	1.55768	71
0	433	8	167	2.92145	37
0	433	16	108	3.625	15
0	433	32	87	2	4
0	433	64	78	-0	1
0	434	1	290	0.320858	239
0	434	2	238	0.743276	127
0	434	4	204	1.61057	72
0	434	8	173	2.86864	35
0	434	16	110	3.70282	15
0	434	32	86	2	4
0	434	64	78	-0	1
0	435	1	299	0.312971	231
0	435	2	244	0.774828	138
0	435	4	198	1.59819	73
0	435	8	176	2.90624	35
0	435	16	109	3.75	15
0	435	32	87	2	4
0	435	64	78	-0	1
0	436	1	316	0.362525	283
0	436	2	252	0.865026	153
0	436	4	207	1.74941	78
0	436	8	181	3.09194	36
0	436	16	110	3.875	15
0	436	32	87	2	4
0	436	64	79	-0	1
0	437	1	316	0.335379	254
0	437	2	253	0.834683	158
0	437	4	198	1.72575	82
0	437	8	173	3.0657	38
0	437	16	107	3.75	15
0	437	32	87	2	4
0	437	64	77	-0	1
0	438	1	320	0.353297	273
0	438	2	247	0.855311	154
0	438	4	210	1.77123	80
0	438	8	183	3.16664	36
0	438	16	104	3.5	15
0	438	32	87	2	4
0	438	64	79	-0	1
0	439	1	322	0.364355	285
0	439	2	257	0.870419	159
0	439	4	213	1.79777	81
0	439	8	181	3.17023	38
0	439	16	108	3.625	15
0	439	32	88	2	4
0	439	64	79	-0	1
0	440	1	319	0.357928	278
0	440	2	251	0.852826	160
0	440	4	206	1.79093	84
0	440	8	178	3.11334	37
0	440	16	105	3.5	15
0	440	32	87	2	4
0	440	64	79	-0	1
0	441	1	337	0.378801	301
0	441	2	264	0.905272	169
0	441	4	208	1.83858	85
0	441	8	182	3.28937	39
0	441	16	108	3.875	15
0	441	32	87	2	4
0	441	64	79	-0	1
0	442	1	338	0.385902	309
0	442	2	260	0.938728	178
0	442	4	212	1.86321	85
0	442	8	181	3.24801	38
0	442	16	108	3.75	15
0	442	32	86	2	4
0	442	64	79	-0	1
0	443	1	345	0.387665	311
0	443	2	265	0.945135	181
0	443	4	211	1.93349	90
0	443	8	178	3.31385	40
0	443	16	107	3.75	15
0	443	32	88	2	4
0	443	64	79	-0	1
0	444	1	349	0.389423	313
0	444	2	268	0.950325	180
0	444	4	221	1.95304	90
0	444	8	178	3.29182	40
0	444	16	106	3.625	15
0	444	32	87	2	4
0	444	64	79	-0	1
0	445	1	348	0.400732	326
0	445	2	268	0.977361	192
0	445	4	220	1.91882	90
0	445	8	178	3.3496	41
0	445	16	108	3.625	15
0	445	32	87	2	4
0	445	64	79	-0	1
0	446	1	347	0.395538	320
0	446	2	266	0.958958	183
0	446	4	214	1.9933	95
0	446	8	179	3.32757	41
0	446	16	110	3.625	15
0	446	32	87	2	4
0	446	64	79	-0	1
0	447	1	356	0.402454	328
0	447	2	271	0.978212	190
0	447	4	216	1.98315	92
0	447	8	183	3.41263	42
0	447	16	108	3.75	15
0	447	32	87	2	4
0	447	64	79	-0	1
0	448	1	348	0.3903	314
0	448	2	267	0.965489	186
0	448	4	215	1.98313	94
0	448	8	184	3.34092	41
0	448	16	107	3.625	15
0	448	32	87	2	4
0	448	64	79	-0	1
0	449	1	339	0.382362	305
0	449	2	270	0.923492	173
0	449	4	209	1.92195	89
0	449	8	183	3.32601	41
0	449	16	107	3.75	15
0	449	32	88	2	4
0	449	64	79	-0	1
0	450	1	345	0.3903	314
0	450	2	262	0.961828	186
0	450	4	215	1.97762	94
0	450	8	180	3.40084	42
0	450	16	109	3.875	15
0	450	32	87	2	4
0	450	64	79	-0	1
0	451	1	350	0.391176	315
0	451	2	266	0.956971	183
0	451	4	214	1.95793	93
0	451	8	183	3.49214	43
0	451	16	108	3.75	15
0	451	32	87	2	4
0	451	64	79	-0	1
0	452	1	355	0.407593	334
0	452	2	267	0.992287	193
0	452	4	212	1.99285	93
0	452	8	186	3.44647	41
0	452	16	107	3.875	15
0	452	32	88	2	4
0	452	64	79	-0	1
0	453	1	366	0.422762	352
0	453	2	274	1.01602	201
0	453	4	220	1.99902	94
0	453	8	182	3.35276	40
0	453	16	109	3.875	15
0	453	32	85	2	4
0	453	64	79	-0	1
0	454	1	366	0.442439	376
0	454	2	276	1.04253	202
0	454	4	216	2.10405	100
0	454	8	189	3.63089	43
0	454	16	112	3.875	16
0	454	32	85	2	4
0	454	64	78	-0	1
0	455	1	370	0.431857	363
0	455	2	282	1.04372	210
0	455	4	212	2.06401	101
0	455	8	188	3.4998	43
0	455	16	110	3.875	16
0	455	32	85	2	4
0	455	64	79	-0	1
0	456	1	378	0.460738	399
0	456	2	282	1.09531	219
0	456	4	220	2.18672	104
0	456	8	202	3.76301	44
0	456	16	109	3.70282	16
0	456	32	85	1.5	4
0	456	64	79	-0	1
0	457	1	375	0.441632	375
0	457	2	288	1.09961	229
0	457	4	220	2.19872	110
0	457	8	185	3.55348	44
0	457	16	110	3.45282	16
0	457	32	85	2	4
0	457	64	78	-0	1
0	458	1	381	0.454433	391
0	458	2	289	1.11566	228
0	458	4	225	2.24282	111
0	458	8	188	3.72973	46
0	458	16	109	3.875	16
0	458	32	85	2	4
0	458	64	78	-0	1
0	459	1	389	0.461522	400
0	459	2	287	1.12692	237
0	459	4	220	2.26925	116
0	459	8	180	3.63695	47
0	459	16	109	3.5	16
0	459	32	85	2	4
0	459	64	79	-0	1
0	460	1	394	0.463867	403
0	460	2	287	1.13435	234
0	460	4	225	2.24869	115
0	460	8	185	3.59227	45
0	460	16	112	3.75	16
0	460	32	86	2	4
0	460	64	79	-0	1
0	461	1	393	0.46698	407
0	461	2	289	1.12786	234
0	461	4	219	2.23361	114
0	461	8	190	3.66087	45
0	461	16	111	3.75	16
0	461	32	84	2	4
0	461	64	79	-0	1
0	462	1	390	0.479281	423
0	462	2	292	1.14183	234
0	462	4	229	2.29223	115
0	462	8	189	3.62962	45
0	462	16	109	3.75	16
0	462	32	86	2	4
0	462	64	79	-0	1
0	463	1	386	0.463086	402
0	463	2	286	1.1142	230
0	463	4	221	2.22036	114
0	463	8	194	3.84097	46
0	463	16	106	3.75	16
0	463	32	86	2	4
0	463	64	79	-0	1
0	464	1	387	0.471621	413
0	464	2	292	1.1278	227
0	464	4	220	2.25198	112
0	464	8	194	3.69303	45
0	464	16	111	3.75	16
0	464	32	84	1.5	4
0	464	64	79	-0	1
0	465	1	396	0.465425	405
0	465	2	294	1.12276	228
0	465	4	221	2.18695	107
0	465	8	190	3.59365	44
0	465	16	109	3.875	16
0	465	32	86	2	4
0	465	64	79	-0	1
0	466	1	394	0.476228	419
0	466	2	296	1.15534	238
0	466	4	226	2.21623	107
0	466	8	185	3.5627	44
0	466	16	109	3.875	16
0	466	32	83	2	4
0	466	64	79	-0	1
0	467	1	388	0.456805	394
0	467	2	292	1.12277	228
0	467	4	219	2.20931	109
0	467	8	190	3.5779	45
0	467	16	108	3.75	16
0	467	32	83	2	4
0	467	64	78	-0	1
0	468	1	380	0.440013	373
0	468	2	286	1.08199	227
0	468	4	221	2.15118	107
0	468	8	187	3.59797	45
0	468	16	108	3.625	16
0	468	32	84	1.5	4
0	468	64	78	-0	1
0	469	1	376	0.433497	365
0	469	2	292	1.05253	211
0	469	4	224	2.16213	108
0	469	8	184	3.57216	45
0	469	16	108	3.625	16
0	469	32	86	2	4
0	469	64	79	-0	1
0	470	1	366	0.422762	352
0	470	2	283	1.02592	206
0	470	4	219	2.06885	101
0	470	8	184	3.63216	47
0	470	16	104	3.75	16
0	470	32	85	2	4
0	470	64	79	-0	1
0	471	1	362	0.406739	333
0	471	2	279	0.977573	194
0	471	4	217	2.02634	99
0	471	8	181	3.40267	44
0	471	16	109	3.75	16
0	471	32	86	2	4
0	471	64	79	-0	1
0	472	1	368	0.411843	339
0	472	2	278	0.995423	197
0	472	4	211	2.05387	102
0	472	8	180	3.49254	44
0	472	16	107	3.45282	16
0	472	32	87	2	4
0	472	64	79	-0	1
0	473	1	367	0.427739	358
0	473	2	279	1.02871	202
0	473	4	220	2.1353	105
0	473	8	188	3.56114	44
0	473	16	108	3.45282	16
0	473	32	86	2	4
0	473	64	79	-0	1
0	474	1	360	0.413535	341
0	474	2	272	0.996716	197
0	474	4	211	2.07338	106
0	474	8	180	3.57282	46
0	474	16	109	3.5	16
0	474	32	86	2	4
0	474	64	79	-0	1
0	475	1	359	0.431036	362
0	475	2	281	1.03122	205
0	475	4	217	2.19295	112
0	475	8	188	3.68668	46
0	475	16	109	3.75	16
0	475	32	85	2	4
0	475	64	79	-0	1
0	476	1	373	0.451257	387
0	476	2	286	1.08533	220
0	476	4	230	2.23308	113
0	476	8	183	3.59449	46
0	476	16	110	3.75	16
0	476	32	84	2	4
0	476	64	78	-0	1
0	477	1	374	0.446463	381
0	477	2	270	1.05336	216
0	477	4	219	2.1776	111
0	477	8	180	3.45135	46
0	477	16	112	3.45282	16
0	477	32	85	1.5	4
0	477	64	78	-0	1
0	478	1	365	0.421095	350
0	478	2	280	1.04324	216
0	478	4	217	2.11753	111
0	478	8	184	3.51552	46
0	478	16	111	3.07782	16
0	478	32	86	2	4
0	478	64	79	-0	1
0	479	1	364	0.444052	378
0	479	2	291	1.08387	220
0	479	4	219	2.14218	108
0	479	8	194	3.65891	45
0	479	16	112	3.5	16
0	479	32	85	2	4
0	479	64	78	-0	1
0	480	1	372	0.435132	367
0	480	2	277	1.07069	224
0	480	4	219	2.07466	104
0	480	8	192	3.57707	44
0	480	16	108	3.25	15
0	480	32	86	2	4
0	480	64	79	-0	1
0	481	1	359	0.448065	383
0	481	2	280	1.06998	213
0	481	4	222	2.16287	104
0	481	8	192	3.58629	43
0	481	16	108	3.32782	15
0	481	32	85	2	4
0	481	64	78	-0	1
0	482	1	366	0.437577	370
0	482	2	283	1.0713	216
0	482	4	221	2.15878	107
0	482	8	192	3.68472	46
0	482	16	110	3.57782	15
0	482	32	86	2	4
0	482	64	78	-0	1
0	483	1	366	0.426085	356
0	483	2	282	1.02888	205
0	483	4	217	2.15245	111
0	483	8	184	3.49817	46
0	483	16	109	3.70282	15
0	483	32	86	2	4
0	483	64	79	-0	1
0	484	1	360	0.409296	336
0	484	2	289	1.00596	201
0	484	4	213	2.06224	106
0	484	8	187	3.56258	45
0	484	16	108	3.75	15
0	484	32	85	2	4
0	484	64	79	-0	1
0	485	1	359	0.416906	345
0	485	2	291	0.998381	196
0	485	4	216	2.07174	102
0	485	8	178	3.31565	42
0	485	16	108	3.70282	15
0	485	32	83	2	4
0	485	64	79	-0	1
0	486	1	374	0.444856	379
0	486	2	287	1.06772	215
0	486	4	225	2.13767	101
0	486	8	189	3.44647	41
0	486	16	112	3.70282	15
0	486	32	85	2	4
0	486	64	78	-0	1
0	487	1	377	0.421929	351
0	487	2	284	1.02234	205
0	487	4	214	2.07065	101
0	487	8	186	3.44167	42
0	487	16	107	3.625	15
0	487	32	86	2	4
0	487	64	79	-0	1
0	488	1	382	0.444856	379
0	488	2	297	1.05942	206
0	488	4	223	2.09351	102
0	488	8	190	3.65902	44
0	488	16	109	4	15
0	488	32	86	2	4
0	488	64	78	-0	1
0	489	1	365	0.419423	348
0	489	2	291	1.02725	209
0	489	4	216	2.07805	105
0	489	8	188	3.59496	44
0	489	16	109	3.75	15
0	489	32	85	2	4
0	489	64	79	-0	1
0	490	1	366	0.426912	357
0	490	2	292	1.0176	199
0	490	4	216	2.0684	101
0	490	8	188	3.53153	42
0	490	16	111	3.875	15
0	490	32	85	2	4
0	490	64	79	-0	1
0	491	1	369	0.440013	373
0	491	2	293	1.04327	203
0	491	4	227	2.12563	102
0	491	8	184	3.45568	42
0	491	16	112	3.875	15
0	491	32	85	2	4
0	491	64	78	-0	1
0	492	1	349	0.419423	348
0	492	2	295	1.01711	199
0	492	4	226	2.07491	102
0	492	8	180	3.35427	42
0	492	16	108	3.875	15
0	492	32	85	2	4
0	492	64	79	-0	1
0	493	1	361	0.440823	374
0	493	2	285	1.069	212
0	493	4	225	2.13159	104
0	493	8	186	3.57747	44
0	493	16	108	3.75	15
0	493	32	85	2	4
0	493	64	78	-0	1
0	494	1	366	0.423595	353
0	494	2	280	1.03477	207
0	494	4	222	2.05554	102
0	494	8	179	3.46542	43
0	494	16	111	3.875	15
0	494	32	85	2	4
0	494	64	79	-0	1
0	495	1	362	0.439202	372
0	495	2	283	1.05166	210
0	495	4	222	2.1274	105
0	495	8	181	3.32228	43
0	495	16	111	3.875	15
0	495	32	85	2	4
0	495	64	78	-0	1
0	496	1	367	0.447264	382
0	496	2	286	1.06904	210
0	496	4	226	2.08058	97
0	496	8	184	3.39576	41
0	496	16	110	3.625	15
0	496	32	85	2	4
0	496	64	78	-0	1
0	497	1	369	0.433497	365
0	497	2	280	1.04727	210
0	497	4	215	2.02881	100
0	497	8	188	3.48849	42
0	497	16	109	3.75	15
0	497	32	85	2	4
0	497	64	79	-0	1
0	498	1	372	0.425256	355
0	498	2	295	1.02614	206
0	498	4	223	2.09472	101
0	498	8	188	3.49303	42
0	498	16	109	3.75	15
0	498	32	84	2	4
0	498	64	79	-0	1
0	499	1	362	0.413535	341
0	499	2	295	1.01561	203
0	499	4	220	2.03674	99
0	499	8	192	3.55464	43
0	499	16	108	3.625	15
0	499	32	85	2	4
0	499	64	79	-0	1
0	500	1	359	0.416906	345
0	500	2	276	1.03669	207
0	500	4	220	2.05851	97
0	500	8	184	3.50081	44
0	500	16	112	3.875	15
0	500	32	85	2	4
0	500	64	79	-0	1
